1 2
1 7
1 11
1 15
1 17
1 20
1 21
1 22
1 28
1 42
1 44
1 45
1 47
1 48
1 49
1 51
1 55
1 60
1 62
1 64
1 72
1 76
1 79
1 81
1 82
1 83
1 85
1 89
1 90
1 95
1 96
1 98
1 102
1 108
1 110
1 116
1 123
1 127
1 130
1 131
1 141
1 144
1 146
1 147
1 150
1 152
1 153
1 160
1 161
1 163
1 164
1 171
1 174
1 185
1 187
1 191
1 192
1 193
1 194
1 204
1 205
1 206
1 213
1 218
1 222
1 226
1 241
1 243
1 246
1 248
1 253
1 255
2 3
2 5
2 10
2 12
2 13
2 21
2 22
2 25
2 30
2 33
2 43
2 47
2 49
2 50
2 54
2 55
2 61
2 67
2 68
2 78
2 88
2 92
2 94
2 96
2 98
2 101
2 107
2 110
2 111
2 113
2 114
2 116
2 121
2 122
2 125
2 130
2 135
2 144
2 145
2 156
2 157
2 161
2 165
2 166
2 172
2 187
2 189
2 191
2 195
2 202
2 209
2 211
2 217
2 222
2 224
2 225
2 234
2 238
2 240
2 244
2 249
2 254
3 4
3 8
3 16
3 21
3 26
3 27
3 28
3 30
3 43
3 59
3 62
3 65
3 66
3 69
3 73
3 75
3 76
3 89
3 91
3 101
3 103
3 107
3 110
3 117
3 118
3 125
3 127
3 131
3 139
3 140
3 146
3 151
3 164
3 180
3 184
3 186
3 193
3 194
3 197
3 200
3 207
3 208
3 209
3 216
3 217
3 218
3 221
3 223
3 226
3 240
3 242
3 243
3 246
3 249
3 250
3 251
3 254
4 6
4 7
4 9
4 10
4 14
4 15
4 19
4 20
4 23
4 25
4 26
4 29
4 36
4 37
4 39
4 42
4 47
4 52
4 58
4 63
4 66
4 70
4 76
4 77
4 78
4 80
4 84
4 85
4 87
4 89
4 97
4 100
4 102
4 108
4 110
4 111
4 113
4 116
4 119
4 129
4 131
4 132
4 141
4 143
4 152
4 156
4 159
4 161
4 166
4 167
4 175
4 186
4 191
4 202
4 206
4 212
4 215
4 218
4 224
4 227
4 228
4 230
4 231
4 232
4 233
4 238
4 240
4 245
4 246
4 247
4 251
4 255
5 6
5 7
5 9
5 10
5 12
5 14
5 16
5 20
5 23
5 24
5 25
5 31
5 37
5 39
5 45
5 61
5 66
5 71
5 72
5 75
5 83
5 85
5 86
5 87
5 88
5 89
5 93
5 101
5 104
5 107
5 118
5 120
5 123
5 126
5 129
5 130
5 133
5 136
5 137
5 138
5 139
5 141
5 142
5 143
5 146
5 148
5 151
5 160
5 161
5 165
5 172
5 173
5 177
5 178
5 182
5 186
5 190
5 191
5 197
5 204
5 206
5 223
5 225
5 243
5 249
5 250
5 252
5 255
6 7
6 8
6 9
6 12
6 15
6 16
6 20
6 21
6 24
6 27
6 32
6 34
6 42
6 43
6 45
6 50
6 55
6 60
6 70
6 71
6 73
6 74
6 75
6 78
6 81
6 83
6 91
6 101
6 105
6 109
6 110
6 114
6 117
6 119
6 121
6 125
6 126
6 128
6 136
6 143
6 147
6 150
6 166
6 167
6 168
6 178
6 184
6 185
6 195
6 202
6 209
6 212
6 223
6 224
6 229
6 230
6 232
6 234
6 238
6 239
6 243
6 245
6 247
6 248
7 11
7 14
7 15
7 16
7 20
7 22
7 23
7 24
7 26
7 28
7 30
7 34
7 36
7 41
7 43
7 49
7 50
7 69
7 70
7 74
7 75
7 81
7 85
7 93
7 96
7 104
7 107
7 112
7 113
7 118
7 124
7 129
7 132
7 133
7 137
7 145
7 146
7 149
7 151
7 155
7 156
7 160
7 164
7 166
7 167
7 173
7 186
7 188
7 191
7 196
7 198
7 201
7 204
7 205
7 209
7 210
7 211
7 216
7 220
7 224
7 225
7 226
7 227
7 229
7 231
7 232
7 238
7 249
8 9
8 13
8 18
8 19
8 24
8 25
8 27
8 30
8 31
8 33
8 35
8 39
8 41
8 43
8 45
8 47
8 48
8 50
8 51
8 53
8 54
8 58
8 60
8 61
8 62
8 64
8 69
8 71
8 74
8 76
8 77
8 78
8 79
8 83
8 84
8 97
8 99
8 103
8 105
8 106
8 107
8 111
8 115
8 118
8 119
8 127
8 128
8 129
8 131
8 132
8 135
8 136
8 138
8 139
8 140
8 141
8 149
8 153
8 161
8 162
8 164
8 170
8 171
8 175
8 176
8 177
8 184
8 185
8 186
8 190
8 191
8 195
8 198
8 208
8 209
8 210
8 215
8 218
8 227
8 238
8 239
8 243
8 246
8 255
9 14
9 17
9 18
9 19
9 27
9 44
9 46
9 60
9 61
9 68
9 74
9 75
9 76
9 81
9 83
9 84
9 87
9 89
9 95
9 96
9 103
9 107
9 108
9 111
9 119
9 120
9 122
9 129
9 130
9 131
9 137
9 143
9 144
9 145
9 149
9 155
9 156
9 164
9 169
9 172
9 175
9 178
9 181
9 186
9 189
9 195
9 203
9 207
9 209
9 210
9 212
9 226
9 228
9 232
9 233
9 237
9 247
9 250
10 17
10 29
10 30
10 37
10 38
10 48
10 57
10 64
10 65
10 67
10 69
10 71
10 74
10 77
10 83
10 93
10 95
10 112
10 116
10 119
10 122
10 126
10 133
10 135
10 138
10 139
10 142
10 147
10 148
10 156
10 164
10 166
10 167
10 171
10 172
10 174
10 175
10 179
10 180
10 182
10 183
10 185
10 187
10 188
10 191
10 193
10 195
10 198
10 207
10 218
10 226
10 229
10 232
10 234
10 237
10 240
10 242
10 248
10 251
11 12
11 13
11 15
11 17
11 26
11 30
11 31
11 34
11 36
11 37
11 41
11 49
11 52
11 57
11 59
11 62
11 67
11 72
11 73
11 76
11 77
11 88
11 89
11 94
11 106
11 115
11 116
11 119
11 120
11 126
11 129
11 130
11 132
11 133
11 136
11 139
11 144
11 149
11 153
11 157
11 158
11 159
11 162
11 168
11 169
11 170
11 174
11 177
11 182
11 184
11 191
11 196
11 199
11 200
11 201
11 202
11 203
11 204
11 205
11 206
11 208
11 211
11 213
11 214
11 215
11 225
11 226
11 227
11 228
11 230
11 232
11 235
11 241
11 247
11 248
11 249
11 252
12 18
12 22
12 23
12 29
12 30
12 32
12 41
12 45
12 46
12 52
12 57
12 60
12 64
12 68
12 70
12 71
12 75
12 79
12 88
12 90
12 97
12 99
12 102
12 105
12 106
12 107
12 111
12 113
12 122
12 125
12 126
12 130
12 133
12 137
12 138
12 140
12 143
12 144
12 147
12 148
12 149
12 151
12 152
12 153
12 163
12 165
12 173
12 175
12 182
12 189
12 192
12 197
12 201
12 204
12 205
12 206
12 210
12 211
12 214
12 221
12 222
12 226
12 229
12 234
12 236
12 237
12 238
12 246
12 247
12 249
12 251
12 253
13 17
13 18
13 27
13 30
13 31
13 36
13 37
13 49
13 50
13 52
13 53
13 57
13 58
13 60
13 65
13 66
13 67
13 68
13 70
13 71
13 73
13 76
13 80
13 83
13 87
13 89
13 93
13 96
13 97
13 101
13 102
13 117
13 119
13 121
13 123
13 127
13 128
13 140
13 142
13 145
13 146
13 147
13 149
13 151
13 158
13 162
13 163
13 175
13 196
13 200
13 201
13 202
13 205
13 209
13 211
13 218
13 226
13 227
13 230
13 232
13 242
13 248
13 250
13 252
13 254
13 255
14 15
14 18
14 21
14 30
14 33
14 36
14 37
14 38
14 44
14 48
14 61
14 70
14 72
14 77
14 79
14 80
14 85
14 91
14 95
14 96
14 99
14 106
14 108
14 115
14 116
14 119
14 122
14 125
14 131
14 135
14 136
14 144
14 147
14 150
14 154
14 155
14 161
14 162
14 167
14 170
14 171
14 172
14 178
14 179
14 182
14 187
14 191
14 194
14 196
14 197
14 200
14 202
14 203
14 211
14 214
14 229
14 231
14 237
14 252
14 253
14 255
15 18
15 26
15 27
15 28
15 42
15 43
15 44
15 48
15 53
15 59
15 60
15 65
15 71
15 77
15 78
15 80
15 84
15 90
15 91
15 103
15 104
15 105
15 109
15 111
15 124
15 127
15 129
15 135
15 136
15 139
15 140
15 153
15 155
15 156
15 162
15 168
15 173
15 174
15 175
15 179
15 180
15 181
15 183
15 185
15 192
15 194
15 201
15 202
15 203
15 204
15 212
15 217
15 220
15 222
15 227
15 228
15 235
15 236
15 241
15 248
15 253
16 17
16 27
16 30
16 32
16 38
16 40
16 41
16 43
16 49
16 52
16 64
16 68
16 70
16 74
16 80
16 81
16 84
16 92
16 97
16 99
16 101
16 102
16 107
16 108
16 114
16 119
16 121
16 123
16 130
16 132
16 134
16 139
16 140
16 141
16 142
16 143
16 149
16 151
16 152
16 153
16 154
16 159
16 166
16 174
16 175
16 176
16 177
16 179
16 182
16 183
16 188
16 190
16 196
16 199
16 201
16 202
16 215
16 216
16 220
16 226
16 229
16 231
16 232
16 234
16 241
16 249
16 250
17 23
17 30
17 32
17 44
17 50
17 51
17 53
17 56
17 57
17 74
17 79
17 82
17 85
17 95
17 98
17 100
17 102
17 104
17 108
17 109
17 110
17 111
17 112
17 117
17 118
17 121
17 122
17 124
17 130
17 139
17 140
17 141
17 142
17 144
17 151
17 152
17 155
17 156
17 162
17 164
17 166
17 168
17 169
17 179
17 180
17 184
17 187
17 188
17 191
17 198
17 205
17 208
17 210
17 211
17 213
17 215
17 216
17 217
17 218
17 223
17 228
17 229
17 230
17 233
17 234
17 241
17 246
17 250
17 255
18 25
18 28
18 29
18 32
18 40
18 43
18 48
18 50
18 51
18 71
18 76
18 79
18 80
18 96
18 101
18 104
18 112
18 113
18 122
18 124
18 138
18 147
18 148
18 151
18 153
18 156
18 157
18 159
18 165
18 170
18 177
18 179
18 182
18 183
18 192
18 194
18 195
18 196
18 197
18 199
18 200
18 208
18 214
18 215
18 219
18 222
18 226
18 227
18 233
18 237
18 243
18 247
18 254
19 20
19 24
19 26
19 36
19 40
19 45
19 53
19 56
19 57
19 59
19 70
19 74
19 77
19 78
19 81
19 82
19 84
19 87
19 89
19 91
19 96
19 99
19 106
19 116
19 117
19 118
19 119
19 122
19 125
19 142
19 143
19 152
19 158
19 164
19 173
19 179
19 188
19 193
19 198
19 200
19 202
19 203
19 206
19 208
19 212
19 224
19 228
19 234
19 235
19 242
20 23
20 25
20 27
20 28
20 34
20 43
20 45
20 48
20 51
20 54
20 56
20 59
20 62
20 66
20 78
20 79
20 84
20 85
20 89
20 92
20 108
20 112
20 122
20 125
20 126
20 127
20 137
20 140
20 145
20 149
20 151
20 155
20 158
20 161
20 163
20 164
20 166
20 169
20 176
20 178
20 183
20 184
20 188
20 191
20 192
20 193
20 196
20 205
20 208
20 215
20 219
20 220
20 224
20 226
20 230
20 231
20 232
20 237
20 239
20 241
20 244
20 246
20 247
20 249
20 250
21 25
21 30
21 31
21 32
21 34
21 36
21 39
21 44
21 47
21 49
21 51
21 55
21 63
21 66
21 67
21 72
21 79
21 82
21 84
21 86
21 88
21 91
21 94
21 104
21 108
21 117
21 118
21 119
21 121
21 124
21 126
21 130
21 141
21 146
21 147
21 155
21 160
21 164
21 165
21 169
21 170
21 174
21 179
21 183
21 188
21 197
21 204
21 206
21 219
21 227
21 229
21 231
21 232
21 233
21 234
21 240
21 243
21 244
21 250
22 23
22 26
22 27
22 32
22 37
22 42
22 43
22 46
22 51
22 55
22 58
22 63
22 66
22 69
22 71
22 80
22 83
22 85
22 88
22 90
22 97
22 100
22 105
22 107
22 116
22 118
22 123
22 124
22 125
22 128
22 129
22 136
22 137
22 138
22 141
22 150
22 157
22 158
22 159
22 163
22 164
22 178
22 179
22 180
22 182
22 186
22 195
22 197
22 199
22 210
22 217
22 218
22 221
22 226
22 227
22 229
22 230
22 233
22 234
22 238
22 244
22 249
22 250
23 26
23 33
23 34
23 41
23 42
23 43
23 44
23 48
23 50
23 55
23 57
23 66
23 67
23 68
23 70
23 76
23 82
23 85
23 86
23 90
23 99
23 100
23 101
23 102
23 107
23 108
23 109
23 117
23 121
23 125
23 128
23 135
23 136
23 139
23 141
23 142
23 143
23 147
23 148
23 153
23 155
23 170
23 173
23 181
23 194
23 197
23 199
23 200
23 205
23 207
23 209
23 213
23 220
23 221
23 223
23 227
23 228
23 230
23 240
23 244
23 248
23 253
24 25
24 42
24 54
24 60
24 66
24 67
24 70
24 73
24 74
24 80
24 83
24 84
24 87
24 92
24 95
24 98
24 99
24 103
24 104
24 108
24 113
24 114
24 116
24 120
24 125
24 129
24 134
24 137
24 146
24 149
24 150
24 152
24 162
24 169
24 171
24 172
24 180
24 188
24 199
24 200
24 201
24 202
24 206
24 207
24 211
24 213
24 215
24 221
24 228
24 235
24 240
24 244
24 245
24 246
24 249
24 252
25 32
25 34
25 36
25 38
25 39
25 44
25 47
25 48
25 49
25 56
25 61
25 63
25 68
25 70
25 72
25 89
25 93
25 96
25 100
25 101
25 104
25 108
25 116
25 121
25 123
25 124
25 127
25 129
25 141
25 144
25 148
25 153
25 161
25 166
25 167
25 172
25 175
25 178
25 179
25 181
25 182
25 184
25 185
25 186
25 187
25 194
25 195
25 199
25 200
25 206
25 210
25 212
25 215
25 219
25 225
25 228
25 230
25 231
25 232
25 239
25 241
25 251
25 253
26 28
26 30
26 34
26 41
26 44
26 46
26 55
26 58
26 65
26 74
26 81
26 83
26 85
26 91
26 103
26 107
26 108
26 111
26 113
26 115
26 117
26 122
26 126
26 128
26 138
26 140
26 143
26 144
26 146
26 149
26 150
26 152
26 155
26 160
26 161
26 162
26 165
26 167
26 171
26 174
26 176
26 181
26 187
26 193
26 198
26 203
26 207
26 208
26 209
26 212
26 219
26 222
26 227
26 228
26 232
26 239
26 240
26 247
27 29
27 30
27 31
27 33
27 34
27 35
27 41
27 45
27 46
27 49
27 52
27 64
27 66
27 70
27 72
27 79
27 84
27 87
27 95
27 100
27 103
27 113
27 114
27 116
27 119
27 120
27 127
27 141
27 146
27 147
27 151
27 152
27 156
27 158
27 163
27 166
27 177
27 178
27 179
27 181
27 183
27 185
27 186
27 188
27 194
27 195
27 209
27 212
27 213
27 217
27 221
27 226
27 230
27 234
27 239
27 248
27 250
28 33
28 36
28 38
28 42
28 52
28 53
28 54
28 57
28 62
28 68
28 80
28 81
28 88
28 90
28 92
28 95
28 101
28 108
28 114
28 119
28 120
28 122
28 126
28 134
28 136
28 137
28 143
28 144
28 145
28 158
28 160
28 168
28 173
28 176
28 177
28 186
28 187
28 192
28 193
28 196
28 201
28 207
28 216
28 217
28 223
28 224
28 230
28 231
28 236
28 249
28 254
29 30
29 35
29 36
29 41
29 46
29 53
29 55
29 58
29 59
29 62
29 64
29 75
29 76
29 84
29 94
29 105
29 107
29 113
29 116
29 118
29 121
29 124
29 127
29 128
29 136
29 139
29 140
29 141
29 151
29 153
29 156
29 159
29 162
29 165
29 168
29 169
29 173
29 189
29 190
29 198
29 203
29 204
29 211
29 216
29 225
29 227
29 230
29 232
29 234
29 236
29 237
29 238
29 242
29 245
29 248
29 250
29 252
29 253
30 33
30 34
30 35
30 38
30 39
30 48
30 53
30 56
30 57
30 59
30 60
30 61
30 62
30 64
30 65
30 83
30 84
30 86
30 87
30 88
30 100
30 103
30 109
30 111
30 115
30 116
30 118
30 126
30 127
30 128
30 129
30 131
30 135
30 136
30 137
30 144
30 153
30 154
30 171
30 173
30 175
30 176
30 186
30 188
30 190
30 199
30 204
30 205
30 209
30 213
30 217
30 219
30 225
30 226
30 229
30 231
30 232
30 236
30 238
30 242
30 245
30 249
31 44
31 50
31 60
31 62
31 65
31 70
31 77
31 83
31 88
31 93
31 94
31 96
31 105
31 106
31 121
31 125
31 127
31 128
31 129
31 136
31 137
31 138
31 150
31 154
31 157
31 161
31 164
31 167
31 169
31 171
31 172
31 173
31 177
31 182
31 183
31 190
31 192
31 193
31 199
31 202
31 208
31 234
31 243
31 245
31 246
31 253
32 33
32 34
32 39
32 43
32 44
32 45
32 46
32 55
32 56
32 61
32 62
32 63
32 67
32 77
32 79
32 87
32 88
32 94
32 95
32 108
32 117
32 122
32 125
32 129
32 132
32 133
32 137
32 144
32 145
32 148
32 158
32 160
32 162
32 174
32 175
32 178
32 182
32 185
32 186
32 188
32 191
32 205
32 209
32 212
32 213
32 216
32 217
32 218
32 221
32 222
32 226
32 234
32 237
32 240
32 241
32 244
32 246
32 249
32 254
33 36
33 38
33 42
33 45
33 50
33 52
33 60
33 61
33 67
33 68
33 69
33 77
33 83
33 85
33 97
33 101
33 109
33 111
33 118
33 120
33 122
33 129
33 131
33 134
33 135
33 137
33 142
33 146
33 150
33 158
33 160
33 162
33 163
33 164
33 165
33 166
33 169
33 171
33 177
33 181
33 184
33 187
33 190
33 193
33 202
33 207
33 211
33 217
33 219
33 220
33 231
33 232
33 233
33 236
33 237
33 243
33 247
33 254
33 255
34 38
34 39
34 41
34 42
34 47
34 48
34 50
34 61
34 64
34 66
34 78
34 83
34 89
34 101
34 102
34 112
34 115
34 117
34 131
34 134
34 135
34 143
34 152
34 154
34 155
34 170
34 176
34 181
34 184
34 185
34 190
34 193
34 194
34 195
34 201
34 202
34 205
34 210
34 213
34 214
34 220
34 221
34 227
34 228
34 233
34 237
34 239
34 250
35 36
35 38
35 40
35 42
35 43
35 44
35 47
35 49
35 50
35 58
35 61
35 62
35 67
35 68
35 72
35 75
35 90
35 91
35 94
35 96
35 104
35 116
35 117
35 124
35 128
35 132
35 137
35 139
35 140
35 148
35 149
35 155
35 157
35 162
35 166
35 167
35 171
35 172
35 174
35 181
35 184
35 187
35 194
35 197
35 201
35 207
35 221
35 225
35 228
35 231
35 233
35 240
35 244
35 247
35 249
35 252
35 253
36 38
36 43
36 44
36 52
36 54
36 64
36 66
36 74
36 78
36 79
36 81
36 82
36 85
36 86
36 88
36 90
36 91
36 92
36 93
36 97
36 115
36 117
36 119
36 120
36 125
36 126
36 129
36 131
36 134
36 136
36 137
36 139
36 140
36 150
36 151
36 153
36 161
36 162
36 165
36 169
36 174
36 176
36 178
36 180
36 187
36 194
36 201
36 202
36 205
36 207
36 210
36 213
36 215
36 216
36 220
36 223
36 225
36 229
36 235
36 238
36 242
36 246
36 248
37 46
37 52
37 54
37 55
37 60
37 61
37 63
37 67
37 72
37 78
37 81
37 88
37 90
37 91
37 101
37 102
37 105
37 107
37 111
37 114
37 119
37 133
37 138
37 141
37 144
37 146
37 147
37 148
37 157
37 160
37 170
37 174
37 176
37 177
37 178
37 180
37 182
37 193
37 195
37 208
37 215
37 217
37 219
37 221
37 222
37 228
37 238
37 244
37 246
37 247
37 253
37 254
37 255
38 44
38 51
38 55
38 56
38 58
38 61
38 62
38 64
38 72
38 82
38 84
38 86
38 88
38 91
38 93
38 95
38 96
38 99
38 100
38 101
38 105
38 106
38 108
38 119
38 124
38 128
38 129
38 130
38 137
38 138
38 142
38 144
38 151
38 155
38 162
38 170
38 174
38 176
38 179
38 182
38 184
38 186
38 187
38 189
38 190
38 198
38 201
38 204
38 210
38 211
38 214
38 218
38 221
38 225
38 226
38 227
38 233
38 236
38 237
38 243
38 248
38 252
38 255
39 40
39 42
39 43
39 45
39 48
39 51
39 53
39 54
39 57
39 63
39 66
39 67
39 72
39 76
39 77
39 80
39 81
39 85
39 86
39 93
39 98
39 103
39 109
39 110
39 112
39 117
39 120
39 122
39 126
39 127
39 129
39 130
39 132
39 137
39 138
39 140
39 145
39 146
39 148
39 149
39 155
39 156
39 163
39 164
39 170
39 172
39 186
39 189
39 202
39 205
39 206
39 207
39 209
39 210
39 213
39 221
39 230
39 232
39 237
39 238
39 242
39 243
39 245
39 247
39 249
39 254
40 41
40 49
40 51
40 53
40 58
40 59
40 60
40 62
40 63
40 77
40 79
40 82
40 84
40 86
40 91
40 92
40 96
40 97
40 101
40 103
40 110
40 112
40 114
40 116
40 123
40 126
40 130
40 134
40 140
40 145
40 151
40 160
40 162
40 163
40 165
40 166
40 167
40 170
40 172
40 176
40 178
40 185
40 193
40 197
40 200
40 202
40 205
40 209
40 210
40 211
40 214
40 217
40 223
40 230
40 233
40 235
40 236
40 237
40 239
40 241
41 42
41 43
41 48
41 62
41 74
41 95
41 102
41 105
41 106
41 109
41 123
41 130
41 134
41 138
41 140
41 141
41 142
41 167
41 180
41 196
41 197
41 199
41 211
41 213
41 215
41 218
41 220
41 224
41 230
41 234
41 245
41 247
41 249
41 253
41 254
42 43
42 49
42 50
42 53
42 54
42 59
42 62
42 63
42 64
42 67
42 77
42 85
42 86
42 87
42 88
42 91
42 95
42 98
42 101
42 103
42 105
42 110
42 112
42 117
42 121
42 124
42 127
42 128
42 130
42 134
42 135
42 145
42 147
42 152
42 153
42 168
42 170
42 184
42 189
42 197
42 198
42 199
42 200
42 204
42 207
42 209
42 213
42 220
42 222
42 226
42 233
42 243
42 244
42 245
42 251
43 47
43 51
43 52
43 58
43 60
43 64
43 68
43 78
43 92
43 98
43 103
43 107
43 112
43 114
43 116
43 120
43 123
43 124
43 125
43 131
43 132
43 134
43 135
43 138
43 140
43 144
43 145
43 146
43 148
43 151
43 157
43 158
43 159
43 160
43 165
43 166
43 169
43 179
43 180
43 185
43 186
43 189
43 193
43 195
43 197
43 212
43 213
43 214
43 219
43 220
43 222
43 224
43 226
43 230
43 236
43 239
43 241
43 245
43 254
43 255
44 45
44 48
44 49
44 52
44 62
44 63
44 65
44 67
44 68
44 70
44 76
44 80
44 86
44 91
44 99
44 100
44 102
44 105
44 110
44 113
44 122
44 125
44 137
44 140
44 141
44 155
44 157
44 158
44 159
44 164
44 167
44 168
44 169
44 170
44 179
44 183
44 202
44 206
44 222
44 223
44 226
44 228
44 230
44 233
44 236
44 239
44 244
44 245
44 246
44 250
44 252
44 255
45 46
45 50
45 56
45 59
45 60
45 63
45 67
45 69
45 74
45 75
45 85
45 88
45 90
45 112
45 119
45 121
45 124
45 126
45 130
45 131
45 133
45 134
45 137
45 138
45 150
45 152
45 158
45 161
45 165
45 168
45 170
45 171
45 174
45 180
45 182
45 186
45 187
45 197
45 199
45 201
45 210
45 220
45 225
45 229
45 236
45 247
45 248
45 250
45 252
45 253
46 47
46 50
46 55
46 60
46 62
46 65
46 68
46 74
46 80
46 82
46 89
46 96
46 116
46 125
46 132
46 134
46 140
46 147
46 149
46 152
46 157
46 158
46 168
46 169
46 170
46 177
46 178
46 181
46 182
46 183
46 188
46 190
46 205
46 216
46 219
46 220
46 222
46 223
46 226
46 227
46 229
46 230
46 234
46 237
46 238
46 240
46 242
46 245
46 249
46 252
47 50
47 53
47 55
47 58
47 59
47 60
47 63
47 66
47 68
47 72
47 75
47 82
47 84
47 88
47 92
47 93
47 94
47 100
47 102
47 104
47 108
47 109
47 111
47 113
47 115
47 120
47 121
47 125
47 126
47 128
47 129
47 132
47 133
47 140
47 144
47 146
47 147
47 160
47 163
47 164
47 172
47 177
47 178
47 182
47 188
47 189
47 190
47 192
47 201
47 205
47 211
47 212
47 220
47 223
47 229
47 231
47 232
47 236
47 237
47 243
47 244
47 245
47 246
47 247
47 253
48 50
48 53
48 54
48 56
48 63
48 66
48 67
48 72
48 77
48 83
48 87
48 99
48 101
48 102
48 108
48 109
48 110
48 111
48 117
48 125
48 131
48 132
48 137
48 138
48 139
48 146
48 147
48 156
48 158
48 160
48 161
48 162
48 167
48 170
48 173
48 174
48 176
48 177
48 178
48 183
48 193
48 194
48 203
48 204
48 205
48 207
48 208
48 220
48 221
48 225
48 227
48 234
48 236
48 245
48 246
48 250
49 58
49 61
49 72
49 74
49 75
49 78
49 82
49 83
49 84
49 85
49 86
49 88
49 90
49 91
49 92
49 101
49 111
49 112
49 114
49 115
49 116
49 118
49 120
49 127
49 129
49 134
49 140
49 145
49 147
49 150
49 153
49 155
49 159
49 163
49 164
49 166
49 172
49 174
49 179
49 181
49 184
49 192
49 205
49 206
49 209
49 210
49 212
49 220
49 223
49 225
49 230
49 231
49 233
49 234
49 235
49 237
49 240
49 250
49 252
49 255
50 51
50 62
50 64
50 72
50 74
50 75
50 85
50 89
50 90
50 94
50 101
50 103
50 106
50 108
50 114
50 115
50 116
50 117
50 125
50 137
50 148
50 149
50 150
50 153
50 156
50 161
50 163
50 165
50 168
50 171
50 172
50 176
50 180
50 182
50 190
50 195
50 196
50 203
50 205
50 207
50 208
50 210
50 219
50 220
50 223
50 226
50 227
50 238
50 240
50 242
50 251
50 252
50 254
51 52
51 58
51 60
51 61
51 67
51 69
51 76
51 77
51 78
51 80
51 86
51 87
51 88
51 91
51 92
51 94
51 96
51 97
51 118
51 122
51 130
51 132
51 133
51 139
51 141
51 143
51 145
51 150
51 155
51 157
51 162
51 165
51 166
51 169
51 173
51 176
51 183
51 186
51 187
51 188
51 196
51 198
51 206
51 213
51 215
51 217
51 229
51 236
51 237
51 247
51 250
51 255
52 56
52 69
52 71
52 72
52 79
52 85
52 88
52 89
52 90
52 91
52 97
52 100
52 103
52 122
52 123
52 124
52 127
52 130
52 134
52 135
52 136
52 140
52 141
52 146
52 150
52 156
52 160
52 162
52 164
52 168
52 179
52 181
52 185
52 204
52 214
52 216
52 219
52 221
52 222
52 238
52 239
52 246
52 248
52 249
53 69
53 79
53 82
53 89
53 98
53 102
53 104
53 105
53 107
53 108
53 110
53 115
53 121
53 123
53 126
53 137
53 144
53 148
53 150
53 153
53 162
53 163
53 165
53 171
53 172
53 174
53 176
53 179
53 180
53 188
53 189
53 192
53 193
53 205
53 210
53 213
53 216
53 218
53 224
53 231
53 232
53 242
53 244
53 253
54 56
54 69
54 70
54 87
54 93
54 100
54 101
54 108
54 110
54 113
54 117
54 119
54 121
54 123
54 126
54 137
54 141
54 142
54 149
54 150
54 159
54 163
54 166
54 169
54 172
54 187
54 188
54 193
54 194
54 196
54 197
54 199
54 205
54 208
54 210
54 215
54 223
54 232
54 233
54 239
54 240
54 244
54 246
54 247
54 250
54 251
54 252
54 253
54 254
55 60
55 61
55 70
55 73
55 74
55 81
55 83
55 85
55 88
55 89
55 96
55 97
55 101
55 105
55 116
55 120
55 134
55 137
55 145
55 151
55 158
55 169
55 173
55 175
55 176
55 184
55 185
55 190
55 199
55 200
55 202
55 207
55 208
55 221
55 228
55 232
55 233
55 235
55 236
55 238
55 239
55 240
55 241
55 246
55 251
55 253
55 254
56 58
56 61
56 65
56 66
56 67
56 77
56 84
56 86
56 89
56 97
56 98
56 106
56 108
56 115
56 117
56 121
56 123
56 130
56 132
56 133
56 137
56 141
56 150
56 151
56 155
56 159
56 173
56 174
56 186
56 192
56 193
56 195
56 208
56 212
56 213
56 218
56 219
56 227
56 233
56 234
56 235
56 238
56 240
56 241
56 246
56 251
56 254
57 58
57 62
57 71
57 72
57 75
57 77
57 80
57 83
57 84
57 89
57 90
57 91
57 94
57 99
57 100
57 104
57 105
57 108
57 109
57 115
57 116
57 118
57 125
57 135
57 144
57 146
57 151
57 155
57 157
57 158
57 159
57 163
57 165
57 169
57 175
57 178
57 182
57 183
57 191
57 192
57 194
57 200
57 201
57 202
57 204
57 207
57 220
57 223
57 225
57 226
57 233
57 235
57 237
57 243
57 245
57 251
57 253
57 254
57 255
58 60
58 61
58 67
58 71
58 72
58 73
58 75
58 76
58 86
58 89
58 92
58 95
58 105
58 109
58 111
58 115
58 124
58 126
58 140
58 142
58 145
58 147
58 151
58 156
58 161
58 166
58 168
58 173
58 174
58 186
58 188
58 189
58 190
58 192
58 199
58 200
58 209
58 212
58 213
58 214
58 226
58 228
58 231
58 233
58 235
58 237
58 239
58 243
58 245
58 246
58 249
58 250
58 253
58 255
59 61
59 66
59 69
59 103
59 111
59 112
59 116
59 117
59 120
59 121
59 122
59 127
59 129
59 132
59 134
59 137
59 140
59 144
59 150
59 152
59 160
59 165
59 168
59 177
59 179
59 180
59 187
59 195
59 196
59 200
59 202
59 204
59 208
59 211
59 213
59 220
59 222
59 225
59 226
59 227
59 235
59 241
59 245
59 254
60 64
60 68
60 72
60 75
60 76
60 81
60 83
60 91
60 92
60 94
60 96
60 99
60 103
60 125
60 126
60 129
60 133
60 135
60 145
60 148
60 149
60 150
60 152
60 162
60 170
60 173
60 178
60 184
60 186
60 187
60 190
60 191
60 194
60 198
60 200
60 201
60 203
60 205
60 208
60 218
60 225
60 228
60 235
60 247
60 248
61 64
61 67
61 77
61 86
61 89
61 91
61 93
61 97
61 99
61 100
61 113
61 114
61 122
61 123
61 125
61 126
61 133
61 139
61 140
61 151
61 153
61 162
61 166
61 168
61 169
61 177
61 178
61 184
61 186
61 187
61 191
61 194
61 195
61 202
61 207
61 212
61 216
61 218
61 222
61 227
61 233
61 237
61 246
61 250
61 251
61 252
61 253
61 255
62 64
62 76
62 80
62 84
62 89
62 94
62 104
62 111
62 113
62 121
62 122
62 125
62 129
62 135
62 137
62 138
62 142
62 144
62 147
62 156
62 157
62 158
62 164
62 165
62 170
62 180
62 183
62 184
62 185
62 187
62 188
62 191
62 198
62 203
62 216
62 220
62 221
62 234
62 241
62 250
62 252
62 254
63 66
63 70
63 73
63 75
63 81
63 84
63 85
63 88
63 91
63 97
63 103
63 106
63 108
63 109
63 112
63 113
63 117
63 118
63 119
63 122
63 123
63 127
63 129
63 130
63 131
63 143
63 144
63 145
63 147
63 159
63 162
63 171
63 174
63 175
63 187
63 189
63 191
63 192
63 198
63 210
63 215
63 216
63 221
63 231
63 237
63 238
63 249
63 250
63 251
63 255
64 66
64 93
64 94
64 98
64 101
64 102
64 106
64 109
64 114
64 125
64 134
64 136
64 140
64 143
64 148
64 157
64 176
64 181
64 188
64 193
64 194
64 197
64 200
64 205
64 214
64 216
64 218
64 220
64 221
64 229
64 234
64 240
64 241
64 243
64 249
64 253
65 66
65 68
65 69
65 73
65 79
65 80
65 90
65 91
65 97
65 103
65 104
65 107
65 109
65 113
65 114
65 119
65 120
65 121
65 126
65 129
65 132
65 133
65 140
65 142
65 143
65 146
65 147
65 148
65 155
65 157
65 161
65 162
65 163
65 164
65 166
65 173
65 177
65 182
65 184
65 186
65 187
65 191
65 196
65 200
65 219
65 229
65 233
65 235
65 244
65 246
65 249
65 254
65 255
66 72
66 74
66 79
66 80
66 83
66 87
66 98
66 100
66 107
66 109
66 113
66 114
66 115
66 117
66 118
66 120
66 125
66 126
66 132
66 137
66 142
66 143
66 144
66 146
66 157
66 161
66 167
66 174
66 177
66 183
66 187
66 197
66 199
66 203
66 205
66 208
66 211
66 213
66 214
66 220
66 223
66 224
66 227
66 228
66 231
66 232
66 237
66 239
66 245
67 77
67 78
67 79
67 80
67 81
67 86
67 90
67 91
67 94
67 101
67 102
67 103
67 106
67 109
67 113
67 114
67 115
67 117
67 124
67 129
67 130
67 135
67 136
67 147
67 156
67 158
67 159
67 160
67 163
67 164
67 165
67 168
67 188
67 190
67 204
67 209
67 220
67 222
67 227
67 228
67 238
67 240
67 243
67 244
67 255
68 71
68 75
68 76
68 84
68 92
68 96
68 98
68 102
68 103
68 104
68 111
68 114
68 123
68 126
68 128
68 130
68 133
68 135
68 145
68 146
68 147
68 148
68 159
68 160
68 163
68 165
68 167
68 168
68 173
68 174
68 176
68 177
68 179
68 180
68 182
68 186
68 190
68 191
68 197
68 199
68 216
68 230
68 234
68 235
68 236
68 244
68 251
69 71
69 83
69 87
69 94
69 95
69 100
69 107
69 108
69 109
69 114
69 118
69 122
69 124
69 128
69 130
69 133
69 135
69 137
69 140
69 143
69 149
69 155
69 156
69 157
69 163
69 167
69 174
69 177
69 182
69 183
69 186
69 192
69 195
69 197
69 198
69 199
69 203
69 204
69 205
69 207
69 209
69 210
69 211
69 212
69 218
69 225
69 228
69 233
69 238
69 246
69 247
69 251
69 252
69 253
69 255
70 73
70 74
70 76
70 78
70 79
70 89
70 90
70 91
70 93
70 94
70 99
70 101
70 106
70 108
70 110
70 112
70 117
70 133
70 140
70 142
70 145
70 146
70 147
70 150
70 154
70 157
70 169
70 170
70 174
70 177
70 178
70 179
70 181
70 182
70 184
70 185
70 186
70 194
70 201
70 203
70 205
70 206
70 207
70 213
70 230
70 231
70 234
70 242
70 243
70 250
71 73
71 75
71 94
71 99
71 100
71 103
71 112
71 114
71 116
71 126
71 130
71 131
71 140
71 141
71 144
71 150
71 154
71 166
71 174
71 177
71 185
71 187
71 194
71 198
71 201
71 204
71 207
71 211
71 224
71 226
71 227
71 230
71 231
71 234
71 239
71 244
71 249
71 254
71 255
72 73
72 74
72 76
72 94
72 100
72 103
72 106
72 112
72 113
72 114
72 116
72 118
72 123
72 124
72 126
72 132
72 133
72 136
72 141
72 144
72 147
72 149
72 158
72 161
72 162
72 163
72 164
72 170
72 173
72 178
72 179
72 186
72 190
72 195
72 197
72 198
72 199
72 201
72 210
72 217
72 218
72 221
72 226
72 233
72 234
72 239
72 240
72 245
72 252
73 82
73 86
73 87
73 90
73 93
73 94
73 97
73 100
73 102
73 103
73 111
73 112
73 125
73 126
73 127
73 129
73 130
73 131
73 137
73 141
73 142
73 145
73 157
73 158
73 159
73 167
73 169
73 170
73 176
73 178
73 181
73 183
73 200
73 203
73 204
73 206
73 207
73 210
73 215
73 219
73 224
73 226
73 227
73 235
73 240
73 244
73 246
74 83
74 84
74 85
74 86
74 88
74 94
74 95
74 98
74 99
74 100
74 103
74 105
74 109
74 111
74 121
74 124
74 125
74 127
74 130
74 131
74 134
74 139
74 142
74 144
74 149
74 156
74 159
74 163
74 167
74 170
74 171
74 185
74 187
74 190
74 192
74 199
74 203
74 207
74 210
74 212
74 217
74 220
74 231
74 233
74 234
74 239
74 242
74 244
74 245
74 247
75 78
75 79
75 80
75 81
75 83
75 84
75 85
75 88
75 92
75 93
75 97
75 99
75 103
75 105
75 108
75 110
75 114
75 116
75 118
75 127
75 135
75 136
75 138
75 140
75 143
75 145
75 157
75 162
75 174
75 175
75 181
75 186
75 188
75 190
75 201
75 209
75 215
75 219
75 221
75 226
75 227
75 232
75 237
75 238
75 240
76 82
76 88
76 91
76 98
76 99
76 100
76 107
76 108
76 109
76 111
76 115
76 123
76 124
76 126
76 127
76 128
76 137
76 138
76 148
76 151
76 161
76 163
76 173
76 178
76 181
76 183
76 184
76 186
76 187
76 198
76 206
76 207
76 212
76 217
76 220
76 224
76 225
76 226
76 228
76 230
76 235
76 240
76 242
76 243
76 245
76 248
76 254
77 98
77 101
77 103
77 115
77 117
77 123
77 126
77 129
77 131
77 136
77 138
77 143
77 147
77 155
77 159
77 161
77 171
77 175
77 189
77 194
77 203
77 207
77 208
77 213
77 214
77 215
77 216
77 217
77 220
77 221
77 226
77 233
77 248
77 251
78 79
78 80
78 85
78 87
78 90
78 95
78 97
78 100
78 101
78 106
78 110
78 111
78 113
78 117
78 121
78 122
78 127
78 141
78 142
78 146
78 155
78 157
78 164
78 167
78 168
78 173
78 185
78 189
78 190
78 192
78 205
78 210
78 217
78 218
78 220
78 225
78 229
79 80
79 96
79 98
79 99
79 102
79 104
79 106
79 108
79 122
79 143
79 144
79 145
79 148
79 150
79 151
79 153
79 158
79 159
79 163
79 164
79 169
79 178
79 179
79 180
79 182
79 183
79 187
79 189
79 192
79 200
79 203
79 206
79 210
79 217
79 218
79 219
79 221
79 224
79 226
79 235
79 240
79 244
79 245
79 246
79 251
79 255
80 81
80 82
80 86
80 90
80 95
80 99
80 103
80 109
80 111
80 117
80 129
80 131
80 139
80 140
80 144
80 146
80 148
80 150
80 159
80 163
80 173
80 181
80 183
80 185
80 188
80 189
80 190
80 193
80 195
80 198
80 199
80 204
80 208
80 220
80 227
80 231
80 232
80 235
80 239
80 248
81 83
81 85
81 87
81 96
81 97
81 100
81 101
81 102
81 104
81 107
81 112
81 114
81 121
81 122
81 126
81 129
81 130
81 133
81 138
81 152
81 155
81 156
81 170
81 173
81 174
81 178
81 179
81 182
81 185
81 189
81 191
81 204
81 205
81 207
81 212
81 213
81 214
81 216
81 224
81 225
81 232
81 238
81 239
81 241
81 242
81 243
81 246
81 248
81 250
82 89
82 92
82 97
82 98
82 99
82 105
82 109
82 117
82 123
82 128
82 129
82 131
82 132
82 133
82 149
82 152
82 153
82 161
82 169
82 172
82 173
82 184
82 185
82 193
82 205
82 211
82 212
82 213
82 220
82 224
82 226
82 228
82 231
82 235
82 236
82 238
82 249
82 253
82 255
83 92
83 99
83 100
83 102
83 112
83 114
83 116
83 118
83 130
83 136
83 141
83 145
83 149
83 152
83 157
83 159
83 160
83 161
83 162
83 164
83 169
83 171
83 177
83 179
83 183
83 185
83 186
83 190
83 198
83 206
83 212
83 213
83 217
83 218
83 229
83 233
83 240
83 245
83 253
83 254
83 255
84 86
84 88
84 91
84 92
84 95
84 96
84 97
84 101
84 104
84 105
84 106
84 108
84 110
84 121
84 125
84 126
84 141
84 143
84 149
84 151
84 152
84 153
84 155
84 171
84 180
84 182
84 183
84 190
84 195
84 200
84 205
84 206
84 215
84 220
84 221
84 224
84 226
84 227
84 228
84 231
84 232
84 236
84 237
84 238
84 239
84 242
84 246
84 249
85 92
85 94
85 95
85 96
85 106
85 108
85 125
85 126
85 129
85 130
85 131
85 136
85 139
85 143
85 144
85 151
85 153
85 154
85 155
85 158
85 159
85 160
85 163
85 164
85 166
85 169
85 172
85 176
85 183
85 189
85 193
85 199
85 211
85 212
85 217
85 218
85 219
85 227
85 228
85 230
85 234
85 236
85 238
85 244
85 247
85 251
85 254
86 87
86 90
86 92
86 97
86 101
86 111
86 112
86 117
86 122
86 134
86 139
86 142
86 151
86 153
86 154
86 160
86 163
86 173
86 191
86 196
86 198
86 200
86 203
86 204
86 205
86 213
86 217
86 222
86 223
86 224
86 225
86 228
86 231
86 232
86 233
86 244
86 255
87 97
87 102
87 104
87 107
87 112
87 122
87 124
87 126
87 130
87 134
87 135
87 136
87 139
87 140
87 141
87 143
87 144
87 146
87 151
87 152
87 158
87 159
87 166
87 167
87 170
87 171
87 173
87 174
87 180
87 183
87 187
87 190
87 191
87 192
87 195
87 197
87 209
87 210
87 213
87 214
87 217
87 222
87 225
87 226
87 229
87 232
87 235
87 241
87 249
87 250
87 252
87 254
88 90
88 93
88 94
88 101
88 102
88 105
88 110
88 118
88 119
88 121
88 126
88 132
88 135
88 149
88 150
88 152
88 160
88 166
88 172
88 175
88 179
88 180
88 181
88 188
88 195
88 197
88 202
88 205
88 213
88 217
88 219
88 221
88 226
88 227
88 253
88 254
89 92
89 96
89 104
89 105
89 111
89 113
89 114
89 115
89 116
89 121
89 123
89 140
89 142
89 143
89 146
89 147
89 150
89 162
89 169
89 172
89 174
89 179
89 184
89 185
89 186
89 191
89 192
89 193
89 194
89 196
89 200
89 206
89 207
89 210
89 215
89 217
89 226
89 229
89 231
89 234
89 238
89 240
89 243
89 248
89 255
90 91
90 95
90 97
90 98
90 100
90 101
90 103
90 106
90 108
90 114
90 116
90 120
90 121
90 124
90 132
90 135
90 139
90 142
90 145
90 146
90 149
90 156
90 163
90 168
90 172
90 180
90 187
90 194
90 197
90 201
90 204
90 206
90 209
90 211
90 214
90 220
90 221
90 225
90 227
90 230
90 234
90 237
90 241
90 245
91 94
91 95
91 96
91 97
91 98
91 101
91 103
91 107
91 108
91 113
91 122
91 125
91 130
91 134
91 135
91 141
91 142
91 146
91 147
91 148
91 149
91 152
91 154
91 162
91 163
91 166
91 167
91 170
91 173
91 175
91 176
91 177
91 179
91 180
91 182
91 184
91 189
91 191
91 197
91 201
91 204
91 205
91 213
91 225
91 230
91 233
91 239
91 241
91 242
91 244
91 250
91 252
91 254
91 255
92 93
92 94
92 95
92 98
92 105
92 106
92 110
92 119
92 126
92 129
92 136
92 140
92 141
92 144
92 148
92 151
92 155
92 168
92 169
92 171
92 181
92 184
92 187
92 188
92 193
92 195
92 201
92 203
92 211
92 214
92 224
92 228
92 229
92 230
92 232
92 240
92 241
92 252
92 253
93 97
93 102
93 108
93 112
93 116
93 117
93 123
93 124
93 134
93 136
93 139
93 140
93 141
93 142
93 144
93 146
93 148
93 151
93 152
93 154
93 170
93 172
93 182
93 188
93 198
93 202
93 206
93 207
93 209
93 210
93 212
93 215
93 217
93 218
93 221
93 226
93 228
93 235
93 237
93 241
93 247
93 248
94 100
94 103
94 106
94 109
94 117
94 118
94 120
94 130
94 131
94 132
94 133
94 136
94 144
94 147
94 153
94 160
94 166
94 169
94 183
94 187
94 191
94 198
94 203
94 204
94 206
94 225
94 231
94 236
94 243
94 244
94 245
94 251
94 255
95 100
95 101
95 103
95 109
95 113
95 121
95 130
95 134
95 136
95 142
95 143
95 144
95 145
95 154
95 156
95 159
95 179
95 192
95 193
95 194
95 198
95 200
95 212
95 216
95 220
95 224
95 225
95 227
95 233
95 236
95 240
95 245
95 247
95 249
96 100
96 102
96 105
96 108
96 118
96 121
96 126
96 128
96 136
96 137
96 142
96 143
96 145
96 146
96 147
96 150
96 152
96 153
96 154
96 170
96 176
96 177
96 183
96 194
96 202
96 205
96 207
96 211
96 222
96 226
96 228
96 233
96 235
96 239
96 241
96 249
97 100
97 102
97 104
97 112
97 114
97 118
97 119
97 126
97 127
97 129
97 130
97 147
97 148
97 149
97 151
97 157
97 159
97 163
97 168
97 169
97 173
97 176
97 184
97 185
97 186
97 190
97 191
97 192
97 193
97 194
97 196
97 202
97 203
97 209
97 210
97 214
97 223
97 225
97 226
97 227
97 230
97 232
97 233
97 235
97 236
97 250
98 110
98 111
98 113
98 119
98 129
98 139
98 143
98 148
98 149
98 150
98 162
98 171
98 173
98 176
98 182
98 189
98 191
98 192
98 195
98 201
98 202
98 207
98 209
98 211
98 213
98 218
98 226
98 230
98 232
98 236
98 237
98 241
98 243
99 104
99 112
99 113
99 116
99 120
99 125
99 132
99 133
99 138
99 139
99 142
99 148
99 149
99 151
99 152
99 156
99 158
99 162
99 166
99 172
99 174
99 175
99 176
99 183
99 188
99 192
99 197
99 201
99 207
99 209
99 210
99 216
99 218
99 222
99 229
99 231
99 235
99 240
99 241
99 246
99 249
99 250
99 252
99 255
100 107
100 114
100 118
100 124
100 128
100 135
100 140
100 145
100 149
100 150
100 152
100 154
100 158
100 161
100 162
100 170
100 176
100 177
100 178
100 181
100 183
100 185
100 188
100 191
100 196
100 198
100 199
100 202
100 203
100 206
100 208
100 209
100 210
100 214
100 215
100 220
100 227
100 228
100 229
100 230
100 232
100 238
100 243
100 247
100 248
100 252
100 253
101 109
101 110
101 114
101 115
101 116
101 120
101 123
101 131
101 132
101 133
101 135
101 143
101 150
101 151
101 158
101 160
101 162
101 165
101 170
101 173
101 178
101 179
101 181
101 182
101 184
101 188
101 191
101 194
101 198
101 199
101 200
101 202
101 203
101 204
101 206
101 211
101 213
101 216
101 221
101 224
101 227
101 231
101 236
101 238
101 241
101 245
101 253
102 104
102 109
102 110
102 113
102 116
102 117
102 118
102 121
102 122
102 126
102 129
102 131
102 135
102 137
102 139
102 140
102 146
102 149
102 152
102 164
102 165
102 166
102 168
102 170
102 171
102 173
102 174
102 175
102 178
102 182
102 183
102 187
102 188
102 190
102 191
102 192
102 199
102 201
102 207
102 209
102 218
102 219
102 220
102 221
102 232
102 234
102 235
102 239
102 240
102 241
102 246
102 247
102 255
103 107
103 108
103 110
103 111
103 117
103 118
103 120
103 134
103 136
103 138
103 140
103 146
103 162
103 165
103 167
103 178
103 180
103 182
103 183
103 184
103 185
103 190
103 196
103 202
103 205
103 207
103 210
103 213
103 228
103 229
103 231
103 237
103 244
103 246
103 251
103 253
104 105
104 106
104 107
104 108
104 109
104 110
104 115
104 117
104 124
104 128
104 138
104 139
104 157
104 159
104 162
104 165
104 166
104 172
104 180
104 182
104 191
104 195
104 197
104 198
104 200
104 207
104 214
104 215
104 218
104 219
104 221
104 222
104 231
104 237
104 238
104 240
104 241
104 242
104 247
104 251
105 109
105 116
105 118
105 126
105 135
105 136
105 144
105 148
105 153
105 156
105 166
105 176
105 179
105 180
105 181
105 185
105 188
105 193
105 195
105 207
105 208
105 219
105 221
105 224
105 233
105 234
105 237
105 246
105 248
105 251
105 254
106 112
106 114
106 117
106 118
106 119
106 125
106 126
106 129
106 132
106 139
106 145
106 148
106 151
106 152
106 154
106 158
106 162
106 169
106 170
106 173
106 175
106 177
106 178
106 181
106 183
106 188
106 189
106 190
106 191
106 193
106 194
106 198
106 211
106 221
106 223
106 224
106 229
106 233
106 236
106 239
106 240
106 241
106 243
106 244
106 245
106 247
106 248
106 249
106 252
107 117
107 118
107 121
107 131
107 139
107 141
107 147
107 153
107 154
107 156
107 160
107 161
107 164
107 170
107 171
107 172
107 175
107 178
107 188
107 193
107 196
107 201
107 206
107 210
107 216
107 224
107 226
107 228
107 229
107 233
107 236
107 241
107 244
107 255
108 116
108 117
108 120
108 123
108 129
108 132
108 133
108 135
108 138
108 139
108 142
108 152
108 153
108 155
108 156
108 160
108 161
108 164
108 167
108 172
108 176
108 178
108 183
108 184
108 187
108 189
108 191
108 198
108 201
108 207
108 209
108 210
108 211
108 214
108 217
108 225
108 229
108 236
108 237
108 238
108 243
108 249
108 252
108 253
109 113
109 119
109 122
109 127
109 131
109 138
109 139
109 142
109 143
109 145
109 148
109 150
109 157
109 158
109 159
109 162
109 163
109 164
109 165
109 168
109 173
109 174
109 181
109 183
109 185
109 190
109 196
109 205
109 214
109 219
109 232
109 233
109 234
109 243
109 246
109 249
109 250
109 254
109 255
110 111
110 113
110 117
110 120
110 125
110 133
110 134
110 139
110 143
110 146
110 158
110 159
110 163
110 165
110 172
110 173
110 178
110 179
110 192
110 193
110 195
110 197
110 202
110 205
110 206
110 211
110 214
110 215
110 218
110 219
110 220
110 226
110 232
110 233
110 234
110 237
110 238
110 240
110 246
110 251
111 112
111 114
111 117
111 121
111 130
111 135
111 138
111 140
111 142
111 144
111 147
111 151
111 153
111 160
111 162
111 163
111 173
111 179
111 180
111 183
111 185
111 186
111 187
111 191
111 199
111 201
111 205
111 208
111 212
111 214
111 219
111 220
111 222
111 223
111 229
111 233
111 236
111 237
111 238
111 239
111 245
111 246
112 116
112 121
112 122
112 123
112 131
112 134
112 135
112 139
112 140
112 145
112 146
112 148
112 149
112 154
112 155
112 158
112 165
112 166
112 169
112 181
112 189
112 192
112 200
112 202
112 205
112 206
112 207
112 209
112 214
112 216
112 219
112 225
112 232
112 235
112 249
112 251
112 252
113 119
113 124
113 127
113 129
113 131
113 142
113 145
113 154
113 159
113 160
113 162
113 163
113 166
113 167
113 170
113 172
113 178
113 179
113 189
113 198
113 205
113 211
113 214
113 216
113 219
113 221
113 228
113 229
113 230
113 233
113 235
113 244
113 249
113 254
114 115
114 118
114 125
114 131
114 133
114 134
114 136
114 139
114 143
114 146
114 147
114 149
114 158
114 165
114 170
114 181
114 188
114 189
114 194
114 197
114 198
114 199
114 201
114 204
114 208
114 213
114 214
114 216
114 219
114 220
114 227
114 245
114 247
114 248
114 252
115 123
115 124
115 133
115 136
115 137
115 142
115 147
115 151
115 152
115 153
115 154
115 155
115 159
115 160
115 161
115 165
115 167
115 168
115 172
115 186
115 188
115 202
115 211
115 213
115 219
115 230
115 235
115 250
115 253
116 120
116 121
116 129
116 133
116 136
116 137
116 139
116 140
116 151
116 152
116 162
116 186
116 187
116 189
116 192
116 193
116 199
116 205
116 208
116 212
116 213
116 216
116 219
116 223
116 224
116 226
116 229
116 237
116 241
116 244
116 246
116 248
116 249
116 254
117 119
117 120
117 123
117 124
117 125
117 126
117 130
117 132
117 136
117 139
117 145
117 154
117 161
117 164
117 165
117 166
117 167
117 172
117 173
117 175
117 183
117 203
117 209
117 211
117 214
117 215
117 218
117 220
117 231
117 235
117 238
117 245
117 246
117 253
118 122
118 131
118 137
118 141
118 143
118 144
118 146
118 147
118 149
118 151
118 152
118 154
118 157
118 160
118 167
118 171
118 172
118 184
118 190
118 193
118 194
118 203
118 205
118 206
118 209
118 213
118 215
118 219
118 220
118 221
118 226
118 228
118 236
118 242
118 243
118 247
118 248
118 249
118 255
119 122
119 123
119 126
119 128
119 132
119 137
119 143
119 145
119 146
119 147
119 150
119 151
119 152
119 158
119 161
119 162
119 163
119 174
119 185
119 188
119 192
119 200
119 208
119 218
119 223
119 229
119 233
119 234
119 243
119 248
119 249
119 255
120 121
120 122
120 123
120 124
120 125
120 133
120 135
120 136
120 137
120 140
120 142
120 144
120 146
120 159
120 160
120 168
120 171
120 175
120 180
120 202
120 208
120 210
120 212
120 214
120 215
120 220
120 221
120 227
120 228
120 234
120 239
120 243
120 248
120 255
121 123
121 124
121 127
121 132
121 133
121 142
121 148
121 152
121 154
121 157
121 159
121 160
121 177
121 181
121 187
121 188
121 189
121 196
121 202
121 204
121 208
121 212
121 219
121 221
121 225
121 232
121 252
122 130
122 132
122 136
122 141
122 143
122 145
122 146
122 150
122 155
122 159
122 163
122 165
122 169
122 174
122 176
122 191
122 198
122 203
122 204
122 206
122 214
122 217
122 222
122 227
122 232
122 234
122 239
122 241
122 247
122 251
123 131
123 133
123 138
123 141
123 142
123 144
123 146
123 148
123 152
123 160
123 161
123 165
123 167
123 170
123 172
123 174
123 179
123 191
123 199
123 201
123 202
123 203
123 208
123 210
123 216
123 219
123 220
123 231
123 236
123 245
123 249
123 254
123 255
124 126
124 127
124 128
124 132
124 134
124 138
124 141
124 147
124 150
124 158
124 164
124 168
124 169
124 172
124 173
124 174
124 179
124 194
124 195
124 199
124 203
124 212
124 220
124 221
124 224
124 230
124 239
124 243
125 129
125 131
125 136
125 140
125 150
125 151
125 154
125 157
125 158
125 163
125 166
125 170
125 175
125 181
125 185
125 186
125 195
125 201
125 202
125 204
125 205
125 208
125 211
125 212
125 213
125 214
125 215
125 217
125 219
125 222
125 229
125 230
125 236
125 237
125 240
125 241
125 248
125 254
126 130
126 135
126 138
126 143
126 146
126 148
126 152
126 160
126 161
126 173
126 175
126 176
126 189
126 192
126 197
126 198
126 201
126 202
126 205
126 212
126 214
126 217
126 227
126 228
126 238
126 241
126 250
126 251
126 255
127 132
127 134
127 135
127 137
127 138
127 147
127 149
127 152
127 159
127 164
127 165
127 172
127 177
127 180
127 185
127 186
127 187
127 188
127 189
127 193
127 194
127 203
127 205
127 212
127 215
127 217
127 218
127 225
127 230
127 232
127 233
127 241
127 244
127 246
128 133
128 136
128 138
128 140
128 141
128 142
128 152
128 153
128 162
128 172
128 173
128 177
128 178
128 184
128 189
128 197
128 203
128 204
128 212
128 214
128 216
128 220
128 228
128 231
128 234
128 235
128 237
128 238
128 239
128 240
128 244
128 247
128 248
128 249
128 250
129 133
129 134
129 135
129 136
129 140
129 141
129 148
129 153
129 155
129 157
129 165
129 174
129 177
129 196
129 199
129 202
129 208
129 209
129 214
129 215
129 218
129 225
129 232
129 237
129 243
129 247
130 136
130 138
130 148
130 151
130 157
130 159
130 161
130 164
130 165
130 167
130 171
130 173
130 174
130 175
130 180
130 184
130 186
130 193
130 199
130 210
130 219
130 223
130 224
130 230
130 232
130 234
130 241
130 249
130 251
131 139
131 140
131 144
131 147
131 149
131 154
131 159
131 170
131 171
131 173
131 176
131 177
131 183
131 189
131 190
131 192
131 194
131 205
131 209
131 215
131 220
131 225
131 231
131 232
131 234
131 236
131 238
131 239
131 240
131 249
131 250
132 136
132 142
132 143
132 147
132 148
132 152
132 175
132 178
132 180
132 181
132 183
132 184
132 185
132 199
132 201
132 207
132 208
132 210
132 212
132 220
132 224
132 227
132 232
132 233
132 235
132 238
132 242
132 244
132 248
132 255
133 146
133 152
133 155
133 162
133 166
133 174
133 179
133 188
133 192
133 195
133 196
133 197
133 202
133 207
133 218
133 224
133 225
133 226
133 228
133 230
133 232
133 233
133 235
133 241
133 244
133 246
133 255
134 141
134 146
134 147
134 148
134 155
134 160
134 167
134 177
134 178
134 181
134 183
134 188
134 201
134 203
134 209
134 216
134 220
134 222
134 223
134 224
134 246
134 248
134 254
135 136
135 143
135 145
135 148
135 151
135 155
135 158
135 160
135 161
135 162
135 166
135 169
135 170
135 172
135 174
135 177
135 187
135 189
135 191
135 198
135 201
135 203
135 204
135 206
135 214
135 221
135 222
135 227
135 229
135 234
135 237
135 238
135 243
135 245
135 246
135 249
135 250
135 252
136 139
136 140
136 143
136 150
136 152
136 154
136 164
136 169
136 173
136 174
136 175
136 182
136 183
136 190
136 191
136 198
136 209
136 211
136 220
136 224
136 226
136 228
136 231
136 236
136 247
136 253
137 143
137 152
137 157
137 162
137 163
137 164
137 167
137 170
137 172
137 184
137 196
137 201
137 209
137 212
137 214
137 227
137 230
137 242
137 244
137 245
137 246
137 250
137 254
137 255
138 143
138 145
138 148
138 149
138 151
138 157
138 162
138 163
138 165
138 168
138 174
138 182
138 184
138 194
138 196
138 204
138 215
138 216
138 217
138 223
138 224
138 226
138 227
138 231
138 232
138 235
138 236
138 237
138 244
138 248
138 249
138 250
138 253
139 144
139 145
139 152
139 157
139 160
139 162
139 165
139 175
139 183
139 184
139 196
139 198
139 199
139 203
139 209
139 211
139 215
139 219
139 221
139 223
139 224
139 226
139 230
139 233
139 234
139 236
139 239
139 242
139 244
139 246
139 247
139 249
139 254
140 144
140 146
140 150
140 151
140 154
140 155
140 158
140 159
140 161
140 162
140 163
140 170
140 173
140 174
140 179
140 180
140 181
140 182
140 183
140 185
140 187
140 193
140 201
140 203
140 208
140 213
140 219
140 221
140 229
140 231
140 245
140 246
140 249
140 250
140 253
141 142
141 144
141 145
141 156
141 157
141 158
141 162
141 171
141 172
141 178
141 179
141 181
141 185
141 191
141 193
141 196
141 197
141 201
141 207
141 214
141 219
141 223
141 224
141 225
141 226
141 232
141 244
141 246
141 248
141 251
141 254
141 255
142 143
142 145
142 153
142 165
142 167
142 178
142 181
142 184
142 188
142 192
142 194
142 211
142 213
142 221
142 230
142 232
142 234
142 235
142 237
142 245
143 151
143 152
143 154
143 156
143 159
143 160
143 161
143 162
143 163
143 164
143 169
143 172
143 177
143 185
143 189
143 201
143 204
143 207
143 210
143 211
143 212
143 214
143 222
143 236
143 239
143 242
143 248
143 255
144 151
144 155
144 159
144 161
144 163
144 166
144 167
144 169
144 170
144 176
144 179
144 183
144 184
144 185
144 189
144 211
144 214
144 216
144 219
144 221
144 224
144 226
144 227
144 231
144 232
144 236
144 247
144 249
144 253
144 254
145 155
145 157
145 159
145 162
145 163
145 165
145 172
145 179
145 180
145 187
145 196
145 199
145 202
145 206
145 207
145 211
145 214
145 216
145 218
145 219
145 224
145 231
145 232
145 240
145 242
145 243
145 252
145 253
145 255
146 150
146 164
146 165
146 168
146 169
146 176
146 177
146 182
146 185
146 194
146 200
146 201
146 207
146 212
146 213
146 215
146 219
146 223
146 225
146 226
146 227
146 232
146 236
146 240
146 253
147 148
147 150
147 157
147 167
147 168
147 170
147 177
147 178
147 180
147 185
147 192
147 199
147 201
147 204
147 205
147 219
147 220
147 221
147 224
147 225
147 229
147 230
147 232
147 235
147 237
147 242
147 245
147 247
147 251
147 253
147 255
148 150
148 161
148 162
148 168
148 169
148 178
148 184
148 185
148 191
148 194
148 195
148 197
148 198
148 201
148 203
148 204
148 206
148 213
148 215
148 219
148 221
148 226
148 230
148 234
148 235
148 237
148 238
148 239
148 240
148 247
148 253
148 254
148 255
149 152
149 153
149 160
149 163
149 169
149 171
149 175
149 177
149 180
149 183
149 184
149 196
149 200
149 205
149 206
149 211
149 212
149 215
149 218
149 219
149 222
149 223
149 227
149 228
149 229
149 230
149 231
149 232
149 233
149 234
149 237
149 241
149 243
149 244
149 246
149 254
150 155
150 159
150 170
150 174
150 175
150 177
150 181
150 185
150 188
150 198
150 201
150 202
150 203
150 207
150 209
150 215
150 216
150 221
150 223
150 224
150 230
150 235
150 247
150 248
150 251
151 157
151 161
151 168
151 171
151 174
151 176
151 180
151 187
151 190
151 194
151 197
151 200
151 210
151 212
151 215
151 217
151 235
151 238
151 240
151 250
151 251
151 254
152 153
152 161
152 165
152 167
152 168
152 171
152 180
152 181
152 190
152 194
152 201
152 202
152 204
152 207
152 210
152 214
152 216
152 217
152 225
152 229
152 240
152 243
152 246
152 249
153 165
153 166
153 167
153 168
153 169
153 170
153 172
153 182
153 188
153 189
153 195
153 200
153 203
153 205
153 208
153 216
153 221
153 227
153 229
153 232
153 238
153 246
153 247
153 249
153 251
153 252
154 158
154 159
154 161
154 163
154 168
154 169
154 171
154 174
154 188
154 191
154 194
154 200
154 213
154 226
154 230
154 233
154 237
154 242
154 244
154 251
154 255
155 160
155 164
155 165
155 170
155 172
155 175
155 176
155 183
155 195
155 198
155 202
155 207
155 214
155 217
155 218
155 219
155 220
155 221
155 225
155 231
155 233
155 234
155 236
155 238
155 240
155 242
155 250
156 162
156 180
156 187
156 199
156 200
156 203
156 209
156 211
156 217
156 219
156 222
156 224
156 232
156 233
156 243
156 248
156 253
156 255
157 159
157 161
157 162
157 166
157 167
157 169
157 175
157 182
157 185
157 187
157 191
157 193
157 194
157 199
157 211
157 212
157 213
157 215
157 221
157 228
157 232
157 233
157 235
157 238
157 240
157 245
157 246
157 251
158 164
158 171
158 173
158 175
158 178
158 189
158 191
158 197
158 202
158 210
158 221
158 222
158 223
158 228
158 229
158 232
158 233
158 237
158 242
158 252
159 166
159 167
159 170
159 172
159 174
159 176
159 178
159 180
159 182
159 186
159 187
159 188
159 194
159 201
159 205
159 209
159 218
159 219
159 224
159 226
159 227
159 228
159 232
159 234
159 237
159 240
159 242
159 245
159 246
159 249
159 252
159 253
159 254
160 169
160 179
160 181
160 184
160 186
160 193
160 195
160 196
160 197
160 198
160 199
160 200
160 205
160 207
160 208
160 214
160 218
160 219
160 222
160 224
160 225
160 229
160 233
160 235
160 246
161 165
161 167
161 170
161 171
161 172
161 173
161 183
161 189
161 190
161 194
161 196
161 197
161 198
161 199
161 202
161 203
161 205
161 206
161 208
161 210
161 213
161 222
161 225
161 228
161 234
161 235
161 239
162 166
162 168
162 169
162 171
162 180
162 181
162 183
162 190
162 198
162 203
162 207
162 209
162 212
162 214
162 226
162 230
162 237
162 241
162 242
162 244
162 248
162 251
163 167
163 172
163 173
163 178
163 180
163 181
163 186
163 190
163 191
163 193
163 197
163 203
163 205
163 207
163 214
163 225
163 228
163 231
163 233
163 235
163 236
163 237
163 241
163 244
163 248
163 253
163 254
163 255
164 166
164 169
164 177
164 181
164 186
164 187
164 188
164 195
164 196
164 197
164 199
164 202
164 204
164 207
164 209
164 213
164 221
164 222
164 228
164 234
164 241
164 248
164 249
164 251
164 252
165 167
165 173
165 175
165 176
165 179
165 181
165 185
165 194
165 195
165 202
165 208
165 209
165 220
165 221
165 226
165 228
165 232
165 235
165 238
165 243
165 246
165 249
165 253
166 167
166 168
166 169
166 174
166 176
166 178
166 179
166 189
166 191
166 198
166 199
166 202
166 208
166 209
166 214
166 216
166 217
166 220
166 222
166 223
166 226
166 227
166 230
166 231
166 233
166 237
166 238
166 241
166 242
166 246
166 247
166 251
166 253
166 255
167 169
167 171
167 172
167 187
167 192
167 201
167 204
167 206
167 207
167 208
167 209
167 211
167 213
167 215
167 216
167 218
167 219
167 227
167 235
167 237
167 242
167 248
167 249
167 251
167 253
167 255
168 171
168 176
168 177
168 179
168 184
168 189
168 198
168 203
168 204
168 205
168 208
168 212
168 213
168 214
168 215
168 218
168 219
168 225
168 231
168 235
168 242
168 243
168 246
168 247
168 249
168 255
169 175
169 188
169 194
169 197
169 200
169 202
169 205
169 207
169 213
169 215
169 226
169 227
169 233
169 241
169 245
169 247
169 250
169 255
170 171
170 172
170 176
170 178
170 179
170 182
170 184
170 187
170 192
170 203
170 205
170 209
170 210
170 220
170 222
170 223
170 231
170 241
170 247
170 250
170 253
170 254
171 172
171 175
171 177
171 191
171 192
171 194
171 198
171 201
171 203
171 204
171 206
171 208
171 209
171 211
171 215
171 218
171 224
171 225
171 226
171 230
171 232
171 236
171 237
171 244
171 247
171 249
172 180
172 182
172 194
172 198
172 203
172 207
172 210
172 216
172 220
172 221
172 222
172 225
172 230
172 232
172 245
172 247
172 248
172 251
173 174
173 176
173 177
173 178
173 180
173 184
173 185
173 186
173 189
173 192
173 213
173 214
173 217
173 222
173 223
173 225
173 229
173 235
173 238
173 245
173 250
173 252
174 180
174 192
174 194
174 200
174 205
174 206
174 207
174 210
174 213
174 214
174 217
174 219
174 220
174 221
174 228
174 231
174 246
174 248
175 176
175 177
175 187
175 192
175 198
175 205
175 206
175 207
175 211
175 216
175 222
175 224
175 228
175 251
175 255
176 186
176 188
176 189
176 191
176 196
176 205
176 207
176 211
176 212
176 216
176 217
176 218
176 219
176 224
176 229
176 230
176 235
176 243
176 248
177 178
177 179
177 183
177 184
177 185
177 189
177 195
177 196
177 201
177 202
177 215
177 221
177 222
177 223
177 228
177 240
177 251
177 254
177 255
178 179
178 182
178 183
178 189
178 194
178 200
178 206
178 212
178 221
178 233
178 235
178 236
178 237
178 242
178 245
178 246
179 180
179 181
179 187
179 190
179 192
179 193
179 198
179 199
179 200
179 201
179 202
179 211
179 213
179 214
179 219
179 222
179 226
179 227
179 229
179 234
179 246
179 247
179 250
179 253
179 254
180 183
180 191
180 197
180 198
180 201
180 213
180 216
180 218
180 223
180 224
180 226
180 233
180 235
180 236
180 240
180 249
180 255
181 182
181 187
181 189
181 191
181 192
181 193
181 195
181 206
181 217
181 219
181 221
181 223
181 224
181 235
181 238
181 248
181 254
182 188
182 190
182 193
182 195
182 204
182 207
182 209
182 212
182 213
182 216
182 217
182 224
182 226
182 231
182 235
182 239
182 240
182 241
182 246
182 251
182 254
183 184
183 187
183 188
183 193
183 195
183 200
183 203
183 204
183 206
183 216
183 218
183 221
183 223
183 227
183 228
183 245
183 249
183 252
183 255
184 186
184 189
184 193
184 197
184 198
184 208
184 211
184 218
184 223
184 224
184 225
184 230
184 234
185 192
185 194
185 200
185 208
185 209
185 217
185 233
185 235
185 236
185 242
185 247
185 248
185 250
185 252
185 253
186 188
186 189
186 198
186 200
186 201
186 204
186 215
186 216
186 221
186 225
186 227
186 233
186 239
186 241
186 242
186 246
186 247
187 193
187 196
187 207
187 215
187 222
187 227
187 232
187 234
187 239
187 250
187 251
187 253
187 254
188 194
188 196
188 204
188 206
188 210
188 212
188 215
188 216
188 223
188 225
188 229
188 232
188 234
188 236
188 237
188 242
188 243
188 244
188 245
188 246
188 249
188 255
189 194
189 195
189 196
189 204
189 205
189 207
189 219
189 224
189 226
189 228
189 233
189 234
189 240
189 245
189 248
190 196
190 198
190 202
190 206
190 208
190 213
190 217
190 221
190 222
190 227
190 232
190 240
190 241
190 244
190 246
190 250
190 253
191 192
191 200
191 205
191 207
191 209
191 217
191 224
191 227
191 233
191 236
191 238
191 242
191 246
191 251
191 252
191 253
192 194
192 195
192 200
192 203
192 205
192 209
192 212
192 213
192 215
192 217
192 230
192 233
192 235
192 243
192 246
192 247
192 251
192 253
193 199
193 204
193 209
193 215
193 222
193 227
193 228
193 231
193 232
193 235
193 236
193 238
193 239
193 247
193 248
193 250
193 254
194 195
194 198
194 206
194 215
194 219
194 220
194 222
194 227
194 230
194 236
194 239
194 241
194 247
194 252
194 255
195 198
195 200
195 204
195 205
195 207
195 220
195 222
195 229
195 230
195 232
195 236
195 238
195 241
195 242
195 247
195 248
195 254
196 197
196 199
196 202
196 208
196 209
196 211
196 212
196 213
196 216
196 218
196 224
196 225
196 226
196 228
196 229
196 234
196 237
196 240
196 242
196 245
196 246
196 248
196 249
196 251
196 252
196 253
197 199
197 204
197 207
197 211
197 219
197 224
197 228
197 231
197 232
197 235
197 236
197 238
197 243
197 244
197 246
197 248
197 249
197 253
198 202
198 204
198 210
198 214
198 217
198 220
198 226
198 227
198 229
198 233
198 234
198 235
198 239
198 244
198 245
198 250
198 255
199 203
199 208
199 214
199 216
199 220
199 223
199 224
199 231
199 233
199 236
199 241
199 247
199 249
199 252
199 255
200 201
200 203
200 206
200 208
200 214
200 216
200 223
200 228
200 230
200 231
201 207
201 212
201 215
201 217
201 222
201 225
201 230
201 231
201 232
201 233
201 236
201 237
201 240
201 248
201 249
201 250
201 251
201 253
202 211
202 219
202 221
202 226
202 229
202 233
202 235
202 238
202 241
202 244
202 246
202 249
202 251
202 252
202 253
202 255
203 216
203 229
203 232
203 241
203 245
204 206
204 212
204 215
204 220
204 222
204 223
204 231
204 234
204 237
204 241
204 247
205 206
205 212
205 214
205 217
205 219
205 226
205 230
205 233
205 240
205 247
205 252
205 253
206 208
206 211
206 212
206 213
206 218
206 219
206 223
206 232
206 233
206 239
206 246
206 247
206 248
206 249
206 252
207 209
207 213
207 218
207 220
207 222
207 229
207 235
207 236
207 239
207 243
207 246
207 249
208 213
208 219
208 220
208 222
208 223
208 229
208 231
208 235
208 237
208 240
208 244
208 247
208 253
208 255
209 211
209 213
209 216
209 219
209 221
209 223
209 225
209 226
209 228
209 229
209 233
209 234
209 239
209 241
209 250
209 252
209 253
209 255
210 211
210 216
210 217
210 218
210 219
210 220
210 221
210 228
210 229
210 244
210 249
210 251
210 255
211 212
211 223
211 224
211 228
211 230
211 232
211 234
211 242
211 244
211 247
211 248
211 250
211 253
211 255
212 216
212 222
212 231
212 233
212 236
212 240
212 243
212 245
212 246
212 247
212 249
212 252
212 253
213 214
213 215
213 218
213 219
213 226
213 231
213 233
213 237
213 239
213 240
213 242
213 245
213 250
213 252
213 255
214 219
214 223
214 229
214 235
214 236
214 238
214 239
214 243
214 244
215 216
215 224
215 228
215 236
215 237
215 243
215 250
215 251
215 254
216 217
216 223
216 224
216 226
216 227
216 228
216 234
216 245
216 248
216 252
217 218
217 219
217 233
217 238
217 241
217 246
217 253
218 219
218 220
218 226
218 227
218 229
218 232
218 234
218 241
218 248
218 253
219 220
219 227
219 229
219 230
219 235
219 236
219 239
219 240
219 249
220 223
220 229
220 230
220 233
220 234
220 238
220 239
220 241
220 245
220 246
220 248
220 250
220 254
221 222
221 224
221 228
221 232
221 233
221 235
221 238
221 247
221 249
221 252
221 253
222 226
222 229
222 242
222 250
222 252
222 253
223 226
223 227
223 232
223 237
223 241
223 243
223 251
224 230
225 230
225 232
225 237
225 239
225 240
225 243
225 247
225 248
225 249
225 255
226 228
226 235
226 242
226 244
226 247
226 252
226 254
227 229
227 231
227 234
227 244
227 246
227 248
227 253
228 231
228 235
228 237
228 240
228 245
228 247
228 251
228 253
229 231
229 236
229 238
229 241
229 247
229 249
230 233
230 234
230 239
230 244
230 247
230 249
230 252
231 233
231 235
231 238
231 242
231 245
231 248
232 236
233 234
233 235
233 239
233 242
233 244
233 251
234 237
234 239
234 247
235 239
235 244
235 245
235 246
235 247
235 249
235 250
235 255
236 242
236 249
236 250
236 253
236 254
237 241
237 252
238 239
238 240
238 247
238 248
238 250
239 240
239 242
239 246
240 243
240 247
240 250
240 252
240 253
240 255
241 249
241 250
242 243
242 247
242 249
242 252
243 247
243 249
243 254
244 245
244 247
244 248
244 249
244 250
244 251
244 254
244 255
245 248
245 249
245 255
246 254
247 254
248 253
248 254
249 253
249 254
251 254
252 253
252 254
252 255
