1 3
1 4
1 5
1 7
1 8
1 9
1 10
1 12
1 15
1 17
1 18
1 20
1 22
1 23
1 24
1 25
1 26
1 31
1 34
2 4
2 5
2 6
2 7
2 11
2 12
2 13
2 19
2 21
2 23
2 25
2 27
2 29
2 33
2 34
3 6
3 9
3 10
3 13
3 14
3 18
3 19
3 21
3 22
3 23
3 24
3 26
3 27
3 28
3 31
3 32
4 5
4 6
4 7
4 8
4 9
4 11
4 13
4 14
4 15
4 17
4 19
4 21
4 25
4 26
4 27
4 32
4 33
4 34
5 8
5 10
5 13
5 14
5 15
5 16
5 17
5 19
5 20
5 21
5 22
5 23
5 24
5 28
5 29
5 30
5 33
5 34
6 10
6 13
6 15
6 16
6 17
6 21
6 23
6 24
6 25
6 26
6 27
6 28
6 32
6 33
7 10
7 11
7 14
7 15
7 18
7 21
7 24
7 29
7 30
7 31
7 32
7 33
7 34
8 9
8 11
8 13
8 16
8 18
8 19
8 20
8 21
8 24
8 28
8 31
8 32
8 33
9 10
9 11
9 12
9 16
9 20
9 23
9 27
9 29
9 31
9 34
10 13
10 19
10 20
10 22
10 25
10 28
10 31
10 34
11 16
11 19
11 20
11 23
11 24
11 26
11 28
11 32
11 33
12 15
12 17
12 20
12 22
12 24
12 25
12 30
12 34
13 16
13 17
13 18
13 19
13 20
13 22
13 25
13 26
13 28
13 30
13 32
13 33
13 34
14 15
14 20
14 22
14 24
14 26
14 27
14 28
14 29
14 30
14 31
14 33
14 34
15 19
15 20
15 21
15 24
15 26
15 28
15 29
15 30
15 31
16 19
16 20
16 21
16 22
16 25
16 26
17 19
17 22
17 23
17 25
17 27
17 28
17 29
17 33
17 34
18 22
18 23
18 28
18 30
18 34
19 20
19 21
19 29
19 31
19 32
19 33
20 28
20 32
21 24
21 25
21 30
21 33
22 25
22 27
22 28
22 29
22 31
22 33
22 34
23 26
23 29
23 31
23 33
24 26
24 28
24 29
24 31
24 32
25 29
25 34
26 30
26 34
27 29
27 31
28 29
28 31
28 34
29 30
29 32
29 33
30 33
30 34
31 33
32 34
33 34
