1 2
1 5
1 6
1 7
1 17
1 18
1 20
1 23
1 25
1 26
1 27
1 28
1 31
1 32
1 34
1 36
1 37
1 39
1 40
1 44
1 45
1 46
1 49
1 50
1 51
1 54
1 60
1 61
1 70
1 74
1 76
1 77
1 78
1 79
1 80
1 83
1 85
1 86
1 89
1 92
1 94
1 95
1 96
1 97
1 99
1 101
1 102
1 103
1 104
1 106
1 107
1 109
1 114
1 116
1 118
1 119
1 120
1 121
1 123
1 124
1 125
1 126
1 127
1 129
1 131
1 132
1 138
1 141
1 142
1 143
1 144
1 145
1 146
1 148
1 149
1 151
1 152
1 164
1 165
1 167
1 171
1 172
1 174
1 175
1 176
1 178
1 181
1 182
1 183
1 185
1 189
1 192
1 193
1 194
1 198
1 201
1 202
1 203
1 204
1 205
1 207
1 209
1 212
1 216
1 217
1 219
1 222
1 226
1 227
2 3
2 4
2 5
2 7
2 11
2 17
2 18
2 19
2 20
2 27
2 29
2 30
2 31
2 37
2 39
2 40
2 41
2 42
2 46
2 47
2 49
2 51
2 53
2 55
2 56
2 59
2 60
2 71
2 73
2 74
2 75
2 76
2 81
2 82
2 86
2 94
2 95
2 97
2 99
2 102
2 103
2 104
2 107
2 108
2 110
2 113
2 115
2 117
2 119
2 122
2 125
2 131
2 135
2 136
2 139
2 142
2 143
2 147
2 149
2 151
2 152
2 154
2 155
2 157
2 159
2 163
2 165
2 170
2 175
2 178
2 179
2 180
2 181
2 182
2 184
2 186
2 188
2 194
2 196
2 197
2 198
2 208
2 212
2 216
2 217
2 219
2 220
2 221
2 224
2 225
2 227
2 228
2 229
3 9
3 12
3 13
3 14
3 16
3 17
3 18
3 19
3 20
3 22
3 24
3 25
3 26
3 27
3 29
3 32
3 37
3 39
3 41
3 42
3 43
3 44
3 45
3 48
3 49
3 51
3 52
3 53
3 54
3 55
3 56
3 58
3 59
3 60
3 63
3 66
3 67
3 68
3 71
3 73
3 75
3 79
3 81
3 83
3 85
3 91
3 94
3 96
3 97
3 100
3 104
3 105
3 106
3 107
3 109
3 111
3 115
3 118
3 120
3 121
3 124
3 125
3 127
3 130
3 131
3 132
3 136
3 137
3 139
3 142
3 144
3 145
3 147
3 148
3 155
3 157
3 161
3 166
3 169
3 170
3 171
3 172
3 173
3 176
3 178
3 182
3 185
3 187
3 193
3 196
3 197
3 198
3 199
3 201
3 203
3 204
3 207
3 208
3 209
3 210
3 211
3 212
3 215
3 216
3 220
3 221
3 222
3 223
3 227
4 5
4 7
4 9
4 10
4 11
4 14
4 15
4 19
4 23
4 25
4 26
4 27
4 28
4 31
4 32
4 33
4 34
4 35
4 37
4 38
4 39
4 40
4 41
4 42
4 44
4 45
4 46
4 54
4 55
4 58
4 61
4 62
4 67
4 72
4 74
4 76
4 77
4 78
4 81
4 82
4 84
4 87
4 88
4 90
4 99
4 101
4 103
4 106
4 109
4 110
4 111
4 113
4 114
4 115
4 116
4 119
4 120
4 122
4 126
4 127
4 128
4 129
4 131
4 132
4 133
4 135
4 137
4 138
4 139
4 141
4 144
4 148
4 151
4 153
4 155
4 157
4 162
4 166
4 167
4 168
4 170
4 175
4 177
4 178
4 179
4 180
4 181
4 187
4 189
4 192
4 195
4 200
4 201
4 204
4 205
4 206
4 208
4 211
4 215
4 218
4 220
4 221
4 223
4 226
4 227
4 228
5 10
5 15
5 16
5 17
5 19
5 23
5 26
5 31
5 32
5 36
5 40
5 43
5 45
5 55
5 57
5 59
5 60
5 63
5 66
5 68
5 69
5 70
5 71
5 72
5 73
5 79
5 80
5 82
5 83
5 85
5 88
5 94
5 96
5 97
5 98
5 102
5 103
5 106
5 109
5 110
5 111
5 112
5 116
5 119
5 126
5 128
5 132
5 133
5 137
5 140
5 142
5 144
5 148
5 149
5 151
5 152
5 153
5 154
5 155
5 157
5 159
5 164
5 165
5 166
5 167
5 168
5 171
5 177
5 178
5 179
5 184
5 188
5 189
5 190
5 191
5 192
5 194
5 195
5 196
5 198
5 201
5 202
5 206
5 208
5 210
5 212
5 214
5 219
5 221
5 224
5 225
6 7
6 9
6 14
6 18
6 20
6 21
6 24
6 28
6 30
6 35
6 36
6 40
6 42
6 43
6 44
6 46
6 47
6 48
6 55
6 58
6 63
6 64
6 65
6 67
6 70
6 72
6 73
6 75
6 77
6 80
6 82
6 84
6 88
6 89
6 92
6 94
6 95
6 97
6 100
6 103
6 106
6 107
6 108
6 109
6 111
6 112
6 119
6 125
6 126
6 134
6 140
6 142
6 149
6 155
6 158
6 161
6 162
6 165
6 168
6 170
6 172
6 175
6 176
6 177
6 183
6 192
6 193
6 194
6 196
6 198
6 201
6 208
6 209
6 211
6 213
6 214
6 216
6 217
6 218
6 219
6 220
6 223
6 226
6 229
7 8
7 9
7 10
7 13
7 17
7 23
7 26
7 28
7 29
7 34
7 35
7 36
7 37
7 40
7 41
7 46
7 49
7 51
7 55
7 56
7 57
7 62
7 64
7 65
7 66
7 68
7 70
7 71
7 81
7 82
7 83
7 85
7 88
7 89
7 90
7 98
7 103
7 104
7 105
7 106
7 107
7 109
7 112
7 113
7 116
7 122
7 124
7 127
7 132
7 133
7 136
7 137
7 138
7 140
7 141
7 144
7 145
7 146
7 147
7 148
7 149
7 151
7 152
7 157
7 158
7 164
7 171
7 172
7 173
7 175
7 176
7 177
7 178
7 180
7 181
7 185
7 188
7 191
7 192
7 193
7 197
7 198
7 199
7 202
7 205
7 206
7 209
7 210
7 212
7 213
7 215
7 217
7 219
7 223
7 224
7 225
7 226
7 229
8 10
8 12
8 18
8 19
8 22
8 24
8 27
8 28
8 32
8 33
8 35
8 36
8 37
8 38
8 39
8 40
8 43
8 44
8 49
8 59
8 61
8 63
8 65
8 66
8 67
8 68
8 69
8 72
8 76
8 80
8 85
8 88
8 91
8 92
8 94
8 95
8 96
8 97
8 100
8 101
8 102
8 103
8 105
8 109
8 110
8 111
8 112
8 113
8 118
8 120
8 122
8 123
8 127
8 129
8 130
8 134
8 135
8 137
8 138
8 139
8 143
8 144
8 147
8 148
8 149
8 151
8 156
8 157
8 160
8 172
8 176
8 177
8 178
8 179
8 180
8 183
8 184
8 188
8 189
8 190
8 192
8 193
8 194
8 196
8 197
8 199
8 205
8 207
8 208
8 211
8 213
8 223
8 226
9 10
9 13
9 14
9 16
9 18
9 19
9 23
9 27
9 29
9 32
9 34
9 35
9 39
9 40
9 42
9 43
9 45
9 46
9 47
9 48
9 51
9 54
9 58
9 61
9 62
9 64
9 65
9 66
9 70
9 71
9 72
9 73
9 74
9 76
9 79
9 88
9 89
9 91
9 94
9 95
9 96
9 99
9 100
9 106
9 111
9 112
9 115
9 117
9 125
9 126
9 128
9 129
9 130
9 131
9 134
9 135
9 136
9 138
9 140
9 141
9 145
9 148
9 150
9 154
9 155
9 161
9 162
9 165
9 170
9 171
9 172
9 173
9 177
9 180
9 182
9 183
9 185
9 186
9 187
9 193
9 195
9 196
9 198
9 204
9 206
9 209
9 215
9 216
9 217
9 227
10 13
10 14
10 17
10 19
10 20
10 21
10 23
10 24
10 25
10 26
10 27
10 28
10 36
10 37
10 38
10 39
10 40
10 44
10 45
10 46
10 48
10 49
10 50
10 51
10 60
10 61
10 64
10 65
10 66
10 69
10 71
10 74
10 76
10 77
10 78
10 79
10 81
10 86
10 89
10 91
10 92
10 93
10 94
10 95
10 97
10 101
10 104
10 106
10 108
10 111
10 113
10 118
10 122
10 124
10 126
10 127
10 129
10 131
10 133
10 135
10 136
10 138
10 140
10 141
10 143
10 144
10 150
10 151
10 152
10 154
10 158
10 160
10 163
10 170
10 173
10 174
10 176
10 179
10 180
10 181
10 186
10 187
10 188
10 189
10 190
10 197
10 198
10 199
10 200
10 202
10 203
10 205
10 209
10 219
10 223
10 227
10 228
11 14
11 17
11 19
11 20
11 21
11 22
11 23
11 24
11 26
11 29
11 32
11 35
11 36
11 37
11 40
11 42
11 45
11 49
11 50
11 51
11 52
11 58
11 66
11 68
11 69
11 71
11 74
11 76
11 79
11 80
11 82
11 87
11 88
11 89
11 90
11 91
11 93
11 94
11 96
11 98
11 103
11 105
11 106
11 107
11 108
11 110
11 112
11 113
11 115
11 119
11 121
11 123
11 126
11 127
11 128
11 130
11 134
11 135
11 137
11 139
11 140
11 142
11 146
11 151
11 155
11 156
11 159
11 161
11 164
11 169
11 170
11 174
11 176
11 180
11 185
11 186
11 187
11 188
11 192
11 193
11 194
11 195
11 197
11 198
11 199
11 201
11 204
11 206
11 208
11 209
11 210
11 215
11 218
11 221
11 222
11 225
11 229
12 16
12 17
12 18
12 19
12 20
12 21
12 22
12 24
12 25
12 26
12 29
12 31
12 32
12 33
12 34
12 37
12 38
12 40
12 44
12 45
12 46
12 47
12 48
12 50
12 51
12 54
12 56
12 58
12 59
12 62
12 63
12 67
12 68
12 69
12 75
12 77
12 80
12 85
12 87
12 94
12 96
12 98
12 100
12 102
12 105
12 107
12 110
12 111
12 117
12 121
12 125
12 128
12 130
12 131
12 132
12 133
12 136
12 137
12 138
12 139
12 142
12 144
12 152
12 153
12 155
12 156
12 157
12 158
12 160
12 163
12 165
12 169
12 172
12 175
12 178
12 179
12 184
12 190
12 191
12 194
12 198
12 202
12 205
12 206
12 208
12 209
12 211
12 214
12 215
12 216
12 220
12 223
12 225
12 226
12 227
13 15
13 16
13 19
13 20
13 24
13 25
13 26
13 28
13 29
13 32
13 36
13 37
13 41
13 48
13 49
13 50
13 52
13 56
13 57
13 58
13 60
13 61
13 62
13 68
13 71
13 74
13 79
13 88
13 91
13 92
13 97
13 98
13 102
13 105
13 106
13 107
13 109
13 110
13 112
13 115
13 124
13 127
13 129
13 130
13 133
13 135
13 139
13 144
13 148
13 150
13 151
13 152
13 153
13 156
13 157
13 159
13 160
13 162
13 163
13 164
13 165
13 166
13 169
13 170
13 172
13 175
13 176
13 178
13 179
13 181
13 183
13 185
13 188
13 190
13 192
13 196
13 197
13 205
13 207
13 210
13 213
13 214
13 215
13 216
13 219
13 220
13 224
13 227
13 229
14 18
14 19
14 20
14 22
14 23
14 24
14 26
14 28
14 37
14 41
14 42
14 43
14 44
14 47
14 50
14 52
14 53
14 55
14 57
14 59
14 61
14 62
14 63
14 64
14 65
14 66
14 70
14 72
14 73
14 74
14 75
14 77
14 84
14 88
14 89
14 91
14 92
14 94
14 96
14 97
14 98
14 99
14 100
14 101
14 102
14 106
14 108
14 110
14 116
14 117
14 119
14 120
14 121
14 128
14 129
14 132
14 133
14 136
14 137
14 140
14 141
14 142
14 143
14 145
14 148
14 151
14 154
14 155
14 157
14 162
14 163
14 164
14 165
14 166
14 169
14 170
14 172
14 178
14 181
14 184
14 185
14 187
14 188
14 189
14 190
14 191
14 195
14 198
14 200
14 201
14 202
14 203
14 210
14 212
14 213
14 223
14 225
14 228
14 229
15 17
15 19
15 20
15 22
15 27
15 28
15 30
15 31
15 36
15 37
15 38
15 43
15 48
15 51
15 58
15 60
15 63
15 71
15 79
15 83
15 85
15 91
15 97
15 102
15 103
15 105
15 109
15 110
15 114
15 120
15 121
15 122
15 125
15 126
15 130
15 131
15 132
15 133
15 134
15 137
15 141
15 142
15 144
15 146
15 148
15 149
15 150
15 152
15 153
15 155
15 156
15 159
15 162
15 165
15 166
15 168
15 170
15 171
15 173
15 176
15 178
15 180
15 181
15 182
15 185
15 186
15 189
15 190
15 191
15 192
15 194
15 196
15 197
15 199
15 201
15 202
15 204
15 207
15 208
15 209
15 210
15 212
15 217
15 218
15 221
15 223
15 229
16 18
16 19
16 23
16 24
16 26
16 27
16 29
16 30
16 32
16 33
16 34
16 35
16 36
16 37
16 38
16 42
16 43
16 46
16 49
16 51
16 52
16 54
16 55
16 56
16 57
16 58
16 60
16 61
16 66
16 67
16 68
16 70
16 71
16 72
16 74
16 77
16 79
16 81
16 84
16 86
16 92
16 93
16 95
16 99
16 100
16 101
16 103
16 104
16 108
16 112
16 115
16 118
16 120
16 121
16 122
16 131
16 133
16 138
16 139
16 142
16 143
16 146
16 147
16 148
16 152
16 154
16 155
16 156
16 161
16 163
16 164
16 166
16 173
16 175
16 176
16 177
16 178
16 181
16 182
16 183
16 184
16 191
16 194
16 195
16 198
16 200
16 201
16 202
16 203
16 204
16 206
16 208
16 210
16 212
16 218
16 223
16 224
16 226
16 227
17 20
17 21
17 23
17 25
17 30
17 33
17 34
17 35
17 39
17 42
17 43
17 44
17 45
17 60
17 61
17 64
17 66
17 67
17 69
17 71
17 73
17 78
17 80
17 81
17 84
17 85
17 87
17 89
17 95
17 96
17 98
17 100
17 101
17 102
17 105
17 107
17 108
17 110
17 111
17 120
17 126
17 127
17 131
17 132
17 133
17 135
17 136
17 138
17 139
17 141
17 142
17 143
17 146
17 152
17 154
17 155
17 156
17 158
17 160
17 161
17 163
17 164
17 165
17 169
17 172
17 175
17 176
17 178
17 179
17 180
17 181
17 185
17 188
17 189
17 192
17 194
17 195
17 196
17 200
17 201
17 202
17 203
17 206
17 207
17 208
17 212
17 222
17 224
17 228
17 229
18 21
18 23
18 24
18 27
18 28
18 29
18 30
18 31
18 33
18 35
18 40
18 42
18 50
18 55
18 57
18 59
18 61
18 62
18 64
18 66
18 68
18 77
18 78
18 84
18 88
18 93
18 99
18 101
18 102
18 103
18 105
18 110
18 113
18 119
18 122
18 123
18 124
18 126
18 127
18 131
18 133
18 134
18 136
18 137
18 138
18 140
18 141
18 142
18 145
18 148
18 151
18 153
18 154
18 155
18 157
18 160
18 162
18 164
18 169
18 170
18 171
18 172
18 178
18 180
18 188
18 190
18 192
18 193
18 194
18 197
18 200
18 204
18 206
18 209
18 210
18 211
18 213
18 214
18 216
18 217
18 219
18 220
18 221
18 229
19 21
19 23
19 24
19 28
19 30
19 33
19 37
19 38
19 41
19 42
19 44
19 46
19 50
19 51
19 53
19 54
19 55
19 59
19 61
19 63
19 66
19 67
19 68
19 70
19 73
19 78
19 79
19 80
19 82
19 83
19 90
19 91
19 92
19 95
19 100
19 101
19 105
19 106
19 107
19 112
19 113
19 114
19 115
19 116
19 118
19 120
19 121
19 125
19 126
19 127
19 132
19 136
19 137
19 138
19 141
19 142
19 143
19 144
19 145
19 146
19 148
19 149
19 150
19 152
19 155
19 157
19 159
19 161
19 162
19 163
19 164
19 165
19 166
19 168
19 169
19 170
19 174
19 175
19 177
19 178
19 180
19 183
19 189
19 190
19 193
19 194
19 196
19 197
19 201
19 203
19 204
19 205
19 209
19 212
19 213
19 214
19 215
19 216
19 218
19 219
19 220
19 221
19 222
19 223
19 225
19 226
19 228
20 23
20 24
20 28
20 30
20 32
20 38
20 42
20 43
20 44
20 45
20 46
20 49
20 50
20 53
20 56
20 57
20 65
20 69
20 73
20 76
20 77
20 80
20 81
20 84
20 85
20 87
20 89
20 94
20 96
20 97
20 99
20 101
20 103
20 105
20 107
20 109
20 111
20 112
20 113
20 115
20 116
20 117
20 118
20 122
20 124
20 125
20 130
20 134
20 135
20 139
20 140
20 143
20 145
20 147
20 149
20 151
20 152
20 154
20 159
20 162
20 163
20 165
20 170
20 174
20 175
20 177
20 179
20 180
20 183
20 187
20 190
20 192
20 194
20 195
20 196
20 197
20 198
20 201
20 205
20 206
20 208
20 210
20 219
20 225
20 227
20 228
21 22
21 25
21 26
21 27
21 29
21 30
21 31
21 34
21 35
21 36
21 37
21 40
21 41
21 48
21 50
21 51
21 57
21 58
21 60
21 63
21 64
21 70
21 72
21 73
21 74
21 75
21 79
21 81
21 84
21 85
21 96
21 98
21 99
21 100
21 102
21 106
21 107
21 108
21 110
21 111
21 113
21 114
21 115
21 119
21 122
21 123
21 126
21 130
21 132
21 135
21 139
21 142
21 143
21 145
21 147
21 149
21 153
21 157
21 160
21 164
21 165
21 167
21 168
21 169
21 170
21 178
21 179
21 182
21 186
21 188
21 190
21 193
21 194
21 195
21 198
21 199
21 204
21 206
21 209
21 210
21 211
21 212
21 215
21 216
21 217
21 220
21 221
21 222
21 224
21 227
22 27
22 31
22 34
22 36
22 38
22 40
22 42
22 44
22 45
22 49
22 50
22 51
22 53
22 54
22 55
22 58
22 59
22 64
22 67
22 68
22 73
22 75
22 76
22 80
22 81
22 82
22 83
22 84
22 87
22 89
22 90
22 93
22 95
22 97
22 101
22 102
22 104
22 113
22 117
22 118
22 119
22 121
22 124
22 126
22 127
22 128
22 129
22 131
22 134
22 136
22 138
22 141
22 142
22 144
22 145
22 146
22 155
22 162
22 163
22 165
22 167
22 168
22 173
22 174
22 177
22 180
22 181
22 186
22 188
22 191
22 192
22 193
22 196
22 197
22 200
22 202
22 207
22 210
22 211
22 212
22 213
22 215
22 216
22 218
22 219
22 227
22 228
23 24
23 25
23 28
23 30
23 35
23 36
23 38
23 47
23 53
23 55
23 60
23 63
23 66
23 67
23 69
23 70
23 73
23 77
23 80
23 81
23 86
23 87
23 89
23 90
23 91
23 95
23 97
23 98
23 99
23 103
23 106
23 107
23 109
23 113
23 118
23 121
23 125
23 126
23 127
23 130
23 131
23 132
23 133
23 135
23 136
23 138
23 139
23 140
23 142
23 143
23 144
23 147
23 151
23 152
23 154
23 155
23 160
23 162
23 164
23 166
23 172
23 173
23 174
23 176
23 177
23 179
23 181
23 184
23 186
23 187
23 190
23 192
23 193
23 194
23 196
23 197
23 201
23 207
23 208
23 211
23 218
23 222
23 223
24 25
24 26
24 30
24 31
24 33
24 34
24 35
24 37
24 40
24 45
24 46
24 47
24 50
24 52
24 55
24 57
24 60
24 61
24 62
24 63
24 67
24 69
24 80
24 82
24 85
24 89
24 90
24 91
24 93
24 94
24 100
24 101
24 105
24 108
24 109
24 114
24 116
24 123
24 124
24 125
24 126
24 127
24 131
24 133
24 134
24 137
24 139
24 141
24 144
24 147
24 148
24 150
24 154
24 158
24 159
24 160
24 164
24 165
24 169
24 171
24 172
24 173
24 175
24 179
24 180
24 181
24 182
24 183
24 186
24 192
24 193
24 201
24 202
24 204
24 206
24 208
24 211
24 212
24 213
24 218
24 224
24 225
24 226
24 229
25 28
25 30
25 32
25 37
25 38
25 40
25 45
25 48
25 51
25 52
25 53
25 54
25 55
25 56
25 58
25 63
25 64
25 65
25 68
25 76
25 77
25 78
25 79
25 80
25 86
25 88
25 91
25 96
25 98
25 102
25 103
25 104
25 105
25 108
25 110
25 112
25 113
25 115
25 118
25 120
25 123
25 124
25 126
25 128
25 130
25 132
25 133
25 134
25 139
25 142
25 143
25 144
25 146
25 148
25 149
25 151
25 152
25 153
25 154
25 158
25 162
25 167
25 172
25 173
25 176
25 177
25 178
25 179
25 180
25 185
25 188
25 190
25 195
25 197
25 199
25 201
25 202
25 206
25 212
25 214
25 216
25 219
25 221
25 223
25 224
25 225
25 226
25 227
25 228
25 229
26 29
26 30
26 31
26 34
26 36
26 38
26 39
26 46
26 48
26 49
26 53
26 56
26 57
26 58
26 59
26 60
26 61
26 62
26 63
26 65
26 66
26 67
26 69
26 72
26 73
26 75
26 77
26 78
26 79
26 80
26 81
26 83
26 84
26 86
26 87
26 94
26 102
26 103
26 105
26 107
26 115
26 118
26 120
26 121
26 122
26 124
26 127
26 128
26 130
26 135
26 138
26 140
26 141
26 142
26 144
26 146
26 148
26 151
26 154
26 159
26 160
26 162
26 163
26 164
26 167
26 169
26 172
26 179
26 184
26 185
26 187
26 189
26 191
26 194
26 198
26 199
26 200
26 203
26 204
26 205
26 207
26 208
26 210
26 212
26 214
26 215
26 217
26 221
26 222
26 224
26 225
26 229
27 28
27 31
27 33
27 34
27 35
27 36
27 37
27 52
27 53
27 54
27 55
27 59
27 61
27 65
27 67
27 68
27 70
27 77
27 78
27 80
27 81
27 83
27 85
27 89
27 90
27 93
27 94
27 96
27 97
27 98
27 100
27 101
27 106
27 108
27 109
27 113
27 114
27 115
27 117
27 119
27 120
27 121
27 123
27 129
27 130
27 135
27 136
27 139
27 142
27 144
27 145
27 147
27 148
27 153
27 154
27 155
27 156
27 157
27 159
27 160
27 161
27 163
27 165
27 166
27 170
27 173
27 174
27 176
27 179
27 181
27 183
27 194
27 203
27 204
27 205
27 207
27 209
27 210
27 211
27 213
27 215
27 217
27 218
27 219
27 220
27 221
27 223
27 225
27 228
27 229
28 30
28 31
28 34
28 37
28 38
28 42
28 43
28 46
28 49
28 57
28 58
28 63
28 69
28 71
28 72
28 74
28 76
28 78
28 79
28 80
28 94
28 97
28 100
28 104
28 105
28 107
28 110
28 113
28 114
28 115
28 116
28 119
28 120
28 131
28 132
28 133
28 134
28 136
28 137
28 143
28 144
28 150
28 151
28 152
28 154
28 156
28 157
28 158
28 163
28 176
28 178
28 179
28 180
28 183
28 184
28 189
28 191
28 192
28 193
28 194
28 200
28 203
28 205
28 208
28 209
28 212
28 213
28 219
28 220
28 221
28 224
28 228
28 229
29 31
29 35
29 37
29 39
29 40
29 42
29 46
29 48
29 49
29 51
29 52
29 54
29 58
29 59
29 60
29 61
29 63
29 64
29 65
29 66
29 67
29 68
29 70
29 74
29 77
29 81
29 82
29 86
29 88
29 92
29 95
29 96
29 98
29 100
29 101
29 103
29 105
29 106
29 114
29 116
29 118
29 119
29 120
29 123
29 132
29 135
29 136
29 140
29 142
29 144
29 145
29 148
29 150
29 151
29 152
29 153
29 154
29 158
29 160
29 161
29 162
29 163
29 165
29 166
29 168
29 170
29 173
29 178
29 179
29 180
29 181
29 182
29 184
29 186
29 187
29 189
29 190
29 191
29 193
29 195
29 196
29 199
29 200
29 205
29 206
29 208
29 211
29 212
29 214
29 217
29 218
29 219
29 220
29 222
29 223
29 226
29 228
29 229
30 31
30 33
30 35
30 37
30 38
30 39
30 44
30 48
30 49
30 50
30 51
30 52
30 53
30 57
30 59
30 68
30 69
30 70
30 71
30 72
30 73
30 76
30 77
30 78
30 80
30 82
30 83
30 87
30 93
30 95
30 97
30 99
30 101
30 104
30 105
30 108
30 115
30 116
30 121
30 128
30 129
30 135
30 136
30 138
30 140
30 141
30 143
30 146
30 147
30 155
30 156
30 160
30 162
30 163
30 165
30 166
30 167
30 168
30 170
30 177
30 180
30 181
30 183
30 184
30 187
30 189
30 190
30 191
30 192
30 193
30 194
30 196
30 197
30 200
30 202
30 208
30 210
30 212
30 213
30 214
30 215
30 218
30 220
30 222
30 223
30 228
30 229
31 41
31 43
31 45
31 46
31 49
31 52
31 54
31 55
31 57
31 62
31 64
31 66
31 68
31 69
31 71
31 82
31 83
31 86
31 88
31 90
31 93
31 96
31 99
31 100
31 101
31 102
31 108
31 110
31 111
31 112
31 113
31 117
31 118
31 119
31 120
31 121
31 125
31 126
31 128
31 129
31 131
31 132
31 134
31 138
31 139
31 140
31 142
31 148
31 151
31 152
31 153
31 154
31 156
31 157
31 158
31 159
31 161
31 162
31 166
31 167
31 174
31 181
31 182
31 184
31 188
31 190
31 191
31 193
31 194
31 195
31 196
31 197
31 198
31 201
31 206
31 208
31 209
31 210
31 214
31 215
31 216
31 222
32 33
32 35
32 37
32 38
32 39
32 42
32 45
32 47
32 48
32 49
32 50
32 51
32 52
32 53
32 54
32 55
32 58
32 62
32 63
32 67
32 68
32 69
32 72
32 73
32 79
32 82
32 83
32 85
32 86
32 92
32 93
32 97
32 99
32 100
32 101
32 105
32 106
32 113
32 114
32 115
32 117
32 119
32 120
32 121
32 123
32 126
32 127
32 131
32 135
32 139
32 144
32 145
32 147
32 151
32 157
32 158
32 159
32 163
32 167
32 169
32 173
32 174
32 175
32 177
32 178
32 180
32 181
32 185
32 187
32 188
32 191
32 197
32 200
32 201
32 204
32 207
32 209
32 210
32 214
32 215
32 216
32 218
32 223
32 224
32 225
32 226
32 228
32 229
33 34
33 35
33 37
33 39
33 40
33 41
33 45
33 50
33 52
33 61
33 63
33 64
33 65
33 66
33 67
33 73
33 74
33 76
33 77
33 79
33 86
33 88
33 91
33 92
33 93
33 94
33 97
33 99
33 100
33 105
33 106
33 107
33 109
33 111
33 112
33 114
33 117
33 118
33 121
33 122
33 123
33 124
33 126
33 128
33 129
33 130
33 132
33 134
33 139
33 140
33 141
33 142
33 146
33 148
33 153
33 154
33 155
33 157
33 159
33 161
33 162
33 163
33 167
33 168
33 169
33 170
33 174
33 175
33 176
33 177
33 179
33 187
33 189
33 190
33 192
33 193
33 195
33 200
33 203
33 205
33 207
33 209
33 211
33 212
33 214
33 215
33 218
33 224
33 225
33 226
33 227
34 35
34 36
34 40
34 42
34 44
34 46
34 47
34 48
34 49
34 52
34 53
34 55
34 60
34 61
34 64
34 75
34 79
34 80
34 81
34 82
34 83
34 84
34 85
34 88
34 91
34 92
34 99
34 101
34 102
34 105
34 106
34 112
34 113
34 116
34 117
34 121
34 123
34 125
34 126
34 127
34 135
34 137
34 138
34 140
34 141
34 142
34 145
34 147
34 148
34 149
34 150
34 152
34 153
34 156
34 161
34 162
34 164
34 165
34 172
34 173
34 178
34 180
34 184
34 185
34 186
34 190
34 193
34 194
34 199
34 200
34 201
34 202
34 206
34 208
34 212
34 214
34 215
34 217
34 222
34 228
35 36
35 43
35 44
35 48
35 49
35 51
35 54
35 59
35 64
35 65
35 71
35 72
35 74
35 75
35 78
35 83
35 84
35 86
35 88
35 89
35 90
35 91
35 93
35 96
35 97
35 99
35 101
35 115
35 119
35 120
35 123
35 124
35 128
35 130
35 131
35 132
35 134
35 136
35 137
35 138
35 139
35 141
35 142
35 152
35 155
35 158
35 159
35 160
35 161
35 162
35 163
35 164
35 167
35 169
35 171
35 173
35 174
35 177
35 178
35 185
35 190
35 192
35 193
35 195
35 197
35 198
35 199
35 200
35 201
35 203
35 204
35 207
35 210
35 211
35 212
35 213
35 215
35 218
35 219
35 221
35 222
35 223
35 225
35 228
36 38
36 42
36 43
36 44
36 45
36 47
36 57
36 58
36 60
36 61
36 63
36 66
36 67
36 68
36 69
36 75
36 76
36 78
36 79
36 80
36 84
36 85
36 92
36 94
36 97
36 98
36 102
36 103
36 105
36 106
36 108
36 109
36 113
36 121
36 122
36 123
36 124
36 125
36 130
36 131
36 132
36 133
36 134
36 144
36 145
36 148
36 149
36 150
36 152
36 156
36 157
36 160
36 161
36 162
36 163
36 168
36 172
36 173
36 174
36 176
36 180
36 182
36 186
36 187
36 191
36 192
36 195
36 197
36 199
36 201
36 207
36 208
36 212
36 213
36 215
36 217
36 219
36 221
36 224
36 225
36 227
36 228
36 229
37 39
37 40
37 41
37 42
37 43
37 44
37 45
37 47
37 49
37 52
37 53
37 54
37 55
37 59
37 61
37 63
37 64
37 65
37 70
37 73
37 75
37 77
37 85
37 87
37 88
37 89
37 90
37 91
37 92
37 93
37 94
37 95
37 96
37 97
37 99
37 100
37 102
37 103
37 104
37 105
37 107
37 113
37 115
37 119
37 122
37 124
37 125
37 128
37 130
37 132
37 134
37 136
37 140
37 141
37 142
37 146
37 150
37 151
37 154
37 156
37 163
37 169
37 170
37 172
37 173
37 174
37 176
37 178
37 179
37 184
37 185
37 186
37 187
37 188
37 191
37 192
37 195
37 204
37 205
37 209
37 210
37 211
37 212
37 216
37 217
37 218
37 219
37 220
37 222
37 223
37 226
37 227
38 40
38 42
38 44
38 45
38 46
38 47
38 48
38 49
38 53
38 54
38 55
38 57
38 58
38 59
38 60
38 61
38 62
38 64
38 65
38 66
38 68
38 74
38 77
38 80
38 82
38 84
38 86
38 90
38 93
38 95
38 97
38 99
38 101
38 102
38 103
38 104
38 105
38 106
38 111
38 114
38 116
38 117
38 118
38 120
38 122
38 124
38 125
38 126
38 128
38 129
38 131
38 132
38 138
38 141
38 143
38 151
38 152
38 159
38 162
38 163
38 166
38 168
38 170
38 172
38 173
38 175
38 176
38 181
38 182
38 184
38 189
38 191
38 192
38 194
38 195
38 196
38 197
38 198
38 200
38 203
38 204
38 206
38 207
38 209
38 210
38 212
38 214
38 216
38 218
38 222
38 226
38 227
39 42
39 44
39 48
39 51
39 52
39 53
39 54
39 58
39 60
39 62
39 64
39 66
39 70
39 71
39 74
39 76
39 77
39 78
39 80
39 83
39 88
39 92
39 95
39 100
39 105
39 108
39 109
39 110
39 114
39 116
39 117
39 120
39 124
39 126
39 128
39 134
39 135
39 136
39 139
39 141
39 144
39 145
39 146
39 148
39 149
39 150
39 152
39 156
39 158
39 159
39 160
39 161
39 162
39 163
39 164
39 166
39 167
39 169
39 170
39 171
39 174
39 175
39 177
39 178
39 182
39 186
39 188
39 189
39 192
39 197
39 199
39 202
39 208
39 212
39 213
39 215
39 216
39 224
39 225
39 226
39 229
40 41
40 42
40 44
40 48
40 49
40 52
40 54
40 59
40 60
40 61
40 62
40 64
40 65
40 68
40 69
40 71
40 72
40 73
40 74
40 78
40 82
40 84
40 85
40 86
40 87
40 88
40 89
40 91
40 92
40 93
40 97
40 99
40 100
40 102
40 105
40 109
40 113
40 114
40 118
40 119
40 120
40 121
40 123
40 124
40 127
40 129
40 130
40 133
40 137
40 138
40 143
40 144
40 145
40 147
40 154
40 157
40 159
40 163
40 165
40 168
40 175
40 176
40 177
40 178
40 180
40 181
40 184
40 187
40 190
40 192
40 195
40 198
40 200
40 202
40 203
40 205
40 211
40 216
40 218
40 219
40 220
40 223
40 224
41 45
41 46
41 47
41 48
41 49
41 51
41 54
41 55
41 59
41 60
41 62
41 63
41 69
41 76
41 79
41 84
41 88
41 89
41 90
41 92
41 94
41 96
41 97
41 99
41 100
41 102
41 108
41 109
41 110
41 111
41 113
41 115
41 116
41 117
41 119
41 123
41 125
41 126
41 127
41 129
41 130
41 142
41 143
41 146
41 149
41 153
41 154
41 155
41 156
41 157
41 158
41 159
41 160
41 161
41 163
41 164
41 167
41 170
41 171
41 174
41 175
41 176
41 177
41 179
41 180
41 181
41 184
41 187
41 188
41 189
41 190
41 191
41 195
41 196
41 197
41 198
41 200
41 207
41 208
41 209
41 211
41 212
41 214
41 215
41 217
41 218
41 219
41 223
41 228
41 229
42 44
42 45
42 46
42 50
42 52
42 53
42 54
42 56
42 58
42 61
42 62
42 63
42 65
42 66
42 67
42 68
42 71
42 72
42 76
42 79
42 80
42 81
42 82
42 83
42 85
42 87
42 89
42 90
42 91
42 92
42 93
42 94
42 102
42 103
42 104
42 107
42 108
42 109
42 110
42 113
42 114
42 117
42 118
42 119
42 120
42 122
42 123
42 124
42 125
42 128
42 130
42 131
42 133
42 137
42 138
42 139
42 141
42 142
42 144
42 145
42 148
42 150
42 151
42 155
42 157
42 159
42 160
42 166
42 169
42 171
42 172
42 173
42 174
42 180
42 182
42 184
42 185
42 187
42 189
42 190
42 191
42 192
42 194
42 196
42 197
42 198
42 199
42 201
42 204
42 206
42 207
42 208
42 210
42 212
42 213
42 214
42 216
42 217
42 219
42 221
42 222
42 225
42 228
42 229
43 46
43 48
43 52
43 56
43 57
43 58
43 60
43 62
43 67
43 69
43 71
43 73
43 75
43 76
43 77
43 79
43 80
43 81
43 82
43 83
43 85
43 90
43 92
43 96
43 97
43 100
43 103
43 112
43 123
43 127
43 128
43 132
43 133
43 135
43 141
43 143
43 145
43 148
43 151
43 157
43 160
43 161
43 162
43 167
43 168
43 177
43 179
43 180
43 181
43 184
43 185
43 187
43 190
43 193
43 197
43 199
43 203
43 204
43 206
43 208
43 209
43 210
43 211
43 213
43 214
43 216
43 217
43 220
43 222
43 223
43 225
43 226
43 229
44 45
44 46
44 48
44 49
44 50
44 53
44 56
44 58
44 61
44 62
44 63
44 65
44 70
44 73
44 75
44 78
44 79
44 83
44 84
44 86
44 90
44 91
44 92
44 94
44 101
44 103
44 106
44 107
44 108
44 109
44 111
44 112
44 113
44 114
44 117
44 119
44 120
44 126
44 127
44 129
44 130
44 135
44 136
44 139
44 140
44 146
44 147
44 153
44 156
44 161
44 162
44 166
44 167
44 170
44 175
44 177
44 181
44 182
44 186
44 187
44 189
44 191
44 192
44 193
44 197
44 199
44 202
44 203
44 204
44 205
44 208
44 210
44 211
44 214
44 220
44 223
45 46
45 47
45 53
45 55
45 59
45 61
45 63
45 64
45 67
45 69
45 70
45 72
45 73
45 80
45 82
45 84
45 86
45 89
45 96
45 97
45 98
45 99
45 100
45 101
45 102
45 103
45 105
45 106
45 107
45 110
45 111
45 113
45 115
45 116
45 118
45 120
45 123
45 124
45 126
45 128
45 129
45 130
45 133
45 135
45 136
45 137
45 139
45 141
45 142
45 143
45 144
45 145
45 149
45 151
45 153
45 155
45 160
45 163
45 164
45 165
45 168
45 169
45 170
45 172
45 176
45 179
45 180
45 182
45 186
45 189
45 193
45 198
45 199
45 202
45 203
45 204
45 207
45 208
45 211
45 212
45 217
45 221
45 223
45 224
46 49
46 50
46 51
46 53
46 56
46 59
46 61
46 62
46 65
46 66
46 70
46 71
46 72
46 73
46 77
46 82
46 84
46 86
46 93
46 98
46 99
46 102
46 103
46 105
46 106
46 111
46 112
46 115
46 116
46 119
46 121
46 123
46 127
46 130
46 132
46 133
46 134
46 136
46 140
46 142
46 143
46 144
46 145
46 146
46 154
46 158
46 161
46 162
46 170
46 172
46 175
46 178
46 179
46 180
46 184
46 186
46 187
46 188
46 189
46 191
46 194
46 195
46 198
46 199
46 201
46 204
46 208
46 209
46 210
46 211
46 212
46 214
46 216
46 219
46 220
46 221
46 223
46 227
46 229
47 48
47 49
47 50
47 56
47 60
47 62
47 63
47 64
47 65
47 66
47 70
47 72
47 73
47 74
47 75
47 78
47 86
47 87
47 88
47 91
47 92
47 93
47 95
47 97
47 99
47 100
47 101
47 103
47 104
47 107
47 110
47 115
47 117
47 119
47 121
47 123
47 124
47 126
47 127
47 130
47 133
47 134
47 135
47 136
47 137
47 140
47 144
47 146
47 147
47 149
47 153
47 154
47 156
47 157
47 158
47 159
47 165
47 168
47 171
47 172
47 173
47 174
47 176
47 177
47 178
47 179
47 180
47 181
47 182
47 185
47 186
47 187
47 188
47 191
47 194
47 197
47 198
47 201
47 203
47 204
47 206
47 207
47 208
47 209
47 213
47 214
47 215
47 221
47 223
47 227
47 229
48 52
48 55
48 58
48 60
48 61
48 63
48 66
48 67
48 68
48 70
48 75
48 78
48 82
48 85
48 86
48 87
48 89
48 90
48 92
48 96
48 98
48 99
48 103
48 108
48 109
48 110
48 114
48 116
48 122
48 124
48 127
48 128
48 129
48 132
48 133
48 134
48 143
48 146
48 149
48 150
48 151
48 156
48 162
48 163
48 164
48 167
48 171
48 174
48 177
48 178
48 179
48 180
48 181
48 182
48 183
48 186
48 187
48 188
48 190
48 195
48 200
48 204
48 208
48 212
48 213
48 216
48 218
48 219
48 220
48 223
48 224
48 226
49 50
49 57
49 59
49 62
49 63
49 66
49 67
49 69
49 71
49 74
49 76
49 77
49 80
49 81
49 82
49 85
49 88
49 89
49 90
49 91
49 92
49 94
49 95
49 98
49 99
49 101
49 102
49 103
49 104
49 106
49 107
49 108
49 110
49 111
49 113
49 114
49 115
49 117
49 118
49 120
49 124
49 126
49 128
49 129
49 131
49 144
49 146
49 148
49 149
49 150
49 154
49 155
49 156
49 164
49 166
49 170
49 171
49 176
49 180
49 181
49 182
49 183
49 184
49 185
49 186
49 187
49 188
49 189
49 191
49 194
49 196
49 200
49 203
49 204
49 206
49 208
49 214
49 215
49 216
49 219
49 221
49 225
49 227
49 229
50 51
50 52
50 53
50 55
50 56
50 57
50 59
50 60
50 61
50 62
50 63
50 64
50 66
50 70
50 76
50 77
50 81
50 82
50 83
50 84
50 85
50 86
50 91
50 93
50 94
50 99
50 104
50 105
50 108
50 110
50 112
50 113
50 116
50 117
50 118
50 119
50 123
50 124
50 129
50 133
50 135
50 138
50 141
50 143
50 146
50 148
50 150
50 151
50 154
50 155
50 159
50 160
50 161
50 165
50 168
50 169
50 172
50 176
50 177
50 178
50 181
50 188
50 189
50 192
50 197
50 199
50 202
50 205
50 206
50 207
50 209
50 217
50 218
50 219
50 229
51 52
51 54
51 56
51 57
51 58
51 60
51 62
51 63
51 67
51 74
51 78
51 79
51 81
51 84
51 85
51 86
51 87
51 89
51 91
51 92
51 96
51 97
51 102
51 103
51 118
51 121
51 122
51 128
51 129
51 130
51 133
51 134
51 136
51 139
51 140
51 141
51 145
51 152
51 153
51 155
51 158
51 161
51 164
51 165
51 166
51 167
51 170
51 171
51 172
51 181
51 183
51 184
51 187
51 188
51 193
51 194
51 196
51 198
51 199
51 201
51 203
51 207
51 208
51 210
51 211
51 217
51 221
51 224
51 226
51 229
52 53
52 54
52 56
52 57
52 58
52 59
52 62
52 66
52 68
52 69
52 70
52 72
52 78
52 79
52 82
52 84
52 89
52 90
52 91
52 92
52 95
52 97
52 98
52 102
52 103
52 104
52 108
52 111
52 112
52 117
52 121
52 122
52 123
52 125
52 127
52 129
52 132
52 133
52 134
52 135
52 136
52 137
52 140
52 142
52 143
52 144
52 148
52 156
52 157
52 158
52 159
52 160
52 162
52 163
52 164
52 170
52 176
52 178
52 181
52 184
52 185
52 186
52 187
52 190
52 200
52 201
52 202
52 203
52 207
52 210
52 213
52 218
52 219
52 221
52 222
52 223
52 224
52 225
52 227
52 228
53 55
53 62
53 64
53 69
53 74
53 75
53 76
53 77
53 78
53 79
53 82
53 84
53 86
53 88
53 89
53 91
53 96
53 98
53 103
53 104
53 105
53 106
53 107
53 113
53 114
53 115
53 118
53 120
53 121
53 122
53 123
53 126
53 128
53 129
53 130
53 131
53 134
53 135
53 136
53 137
53 139
53 142
53 144
53 147
53 148
53 150
53 154
53 157
53 158
53 160
53 163
53 164
53 170
53 175
53 179
53 191
53 196
53 198
53 201
53 202
53 205
53 211
53 212
53 217
53 218
53 220
53 221
53 222
53 223
54 56
54 57
54 58
54 67
54 68
54 69
54 70
54 73
54 77
54 83
54 84
54 86
54 89
54 91
54 93
54 96
54 97
54 101
54 102
54 103
54 104
54 107
54 109
54 111
54 113
54 115
54 117
54 119
54 120
54 123
54 124
54 125
54 126
54 127
54 130
54 132
54 135
54 137
54 138
54 141
54 143
54 144
54 145
54 148
54 149
54 154
54 156
54 157
54 158
54 159
54 163
54 164
54 166
54 170
54 172
54 175
54 178
54 180
54 183
54 186
54 189
54 193
54 198
54 199
54 200
54 201
54 203
54 208
54 211
54 212
54 214
54 215
54 218
54 220
54 221
54 222
54 223
54 225
54 227
54 228
55 58
55 59
55 61
55 64
55 66
55 67
55 69
55 71
55 73
55 77
55 81
55 82
55 83
55 84
55 85
55 93
55 94
55 95
55 98
55 99
55 102
55 103
55 112
55 115
55 116
55 119
55 121
55 124
55 130
55 131
55 133
55 134
55 135
55 136
55 138
55 145
55 148
55 150
55 152
55 154
55 156
55 158
55 165
55 168
55 171
55 173
55 174
55 176
55 178
55 181
55 185
55 187
55 190
55 191
55 192
55 193
55 194
55 196
55 197
55 199
55 200
55 202
55 203
55 204
55 208
55 209
55 210
55 211
55 212
55 213
55 215
55 216
55 217
55 218
55 223
55 225
55 227
55 229
56 59
56 60
56 63
56 64
56 65
56 66
56 67
56 68
56 69
56 72
56 73
56 76
56 78
56 79
56 85
56 86
56 88
56 89
56 92
56 94
56 98
56 99
56 103
56 108
56 110
56 116
56 117
56 118
56 120
56 121
56 123
56 124
56 125
56 128
56 132
56 134
56 136
56 139
56 141
56 142
56 144
56 147
56 149
56 150
56 151
56 152
56 153
56 154
56 155
56 157
56 160
56 163
56 164
56 166
56 167
56 168
56 170
56 174
56 176
56 177
56 178
56 186
56 189
56 191
56 192
56 193
56 194
56 197
56 199
56 201
56 202
56 204
56 205
56 208
56 210
56 211
56 213
56 217
56 219
56 222
56 223
56 228
57 66
57 69
57 70
57 71
57 72
57 73
57 74
57 75
57 76
57 77
57 80
57 82
57 84
57 85
57 89
57 93
57 94
57 95
57 97
57 99
57 100
57 101
57 104
57 108
57 112
57 116
57 118
57 128
57 130
57 132
57 133
57 138
57 139
57 140
57 141
57 150
57 152
57 153
57 154
57 155
57 157
57 159
57 164
57 168
57 170
57 171
57 172
57 173
57 174
57 181
57 183
57 189
57 199
57 200
57 202
57 204
57 206
57 208
57 210
57 215
57 217
57 218
57 225
57 226
57 227
57 228
58 59
58 63
58 64
58 65
58 66
58 72
58 76
58 77
58 79
58 81
58 84
58 85
58 86
58 88
58 92
58 93
58 97
58 98
58 99
58 101
58 107
58 109
58 110
58 112
58 113
58 115
58 116
58 118
58 119
58 120
58 121
58 127
58 128
58 129
58 131
58 133
58 134
58 135
58 136
58 137
58 139
58 141
58 142
58 143
58 147
58 148
58 149
58 155
58 157
58 158
58 161
58 163
58 164
58 165
58 167
58 168
58 174
58 180
58 181
58 185
58 187
58 189
58 194
58 195
58 196
58 197
58 200
58 201
58 203
58 207
58 210
58 211
58 212
58 213
58 215
58 222
58 224
58 225
58 226
58 228
59 60
59 61
59 63
59 64
59 65
59 66
59 67
59 68
59 69
59 71
59 72
59 76
59 78
59 82
59 84
59 87
59 88
59 90
59 92
59 93
59 95
59 96
59 97
59 98
59 99
59 102
59 104
59 107
59 108
59 115
59 116
59 118
59 119
59 120
59 125
59 126
59 128
59 133
59 135
59 136
59 141
59 142
59 143
59 144
59 146
59 147
59 149
59 151
59 152
59 153
59 154
59 158
59 160
59 165
59 172
59 173
59 177
59 180
59 185
59 188
59 189
59 190
59 192
59 200
59 201
59 204
59 205
59 206
59 207
59 213
59 214
59 215
59 216
59 217
59 220
59 221
59 222
59 225
59 226
59 227
60 61
60 63
60 68
60 70
60 74
60 77
60 78
60 80
60 82
60 85
60 90
60 96
60 99
60 100
60 101
60 102
60 103
60 104
60 105
60 108
60 110
60 111
60 112
60 114
60 116
60 117
60 120
60 122
60 125
60 126
60 127
60 130
60 131
60 132
60 133
60 136
60 137
60 142
60 145
60 148
60 149
60 150
60 151
60 154
60 155
60 157
60 159
60 160
60 161
60 164
60 165
60 167
60 168
60 169
60 171
60 172
60 173
60 175
60 176
60 177
60 179
60 182
60 183
60 185
60 188
60 189
60 190
60 192
60 196
60 201
60 202
60 203
60 204
60 206
60 210
60 214
60 220
60 222
60 223
60 224
60 225
60 228
61 63
61 64
61 65
61 66
61 70
61 72
61 78
61 84
61 87
61 88
61 89
61 90
61 91
61 93
61 94
61 96
61 97
61 98
61 100
61 102
61 103
61 104
61 105
61 107
61 109
61 110
61 112
61 114
61 122
61 125
61 126
61 128
61 129
61 130
61 131
61 132
61 133
61 135
61 140
61 141
61 147
61 149
61 150
61 159
61 160
61 161
61 162
61 163
61 166
61 167
61 171
61 172
61 173
61 174
61 177
61 179
61 184
61 185
61 186
61 187
61 189
61 190
61 193
61 195
61 197
61 198
61 204
61 206
61 208
61 209
61 210
61 213
61 218
61 222
61 225
61 229
62 64
62 67
62 71
62 73
62 77
62 81
62 84
62 90
62 93
62 98
62 99
62 101
62 102
62 104
62 106
62 107
62 108
62 110
62 112
62 113
62 114
62 115
62 116
62 118
62 121
62 122
62 124
62 130
62 136
62 137
62 138
62 140
62 143
62 144
62 145
62 146
62 148
62 151
62 155
62 164
62 165
62 166
62 168
62 170
62 171
62 173
62 174
62 175
62 179
62 180
62 181
62 182
62 184
62 185
62 186
62 189
62 190
62 191
62 193
62 194
62 198
62 200
62 201
62 204
62 206
62 208
62 210
62 211
62 213
62 215
62 218
62 219
62 222
62 224
62 227
63 66
63 69
63 71
63 72
63 75
63 78
63 81
63 83
63 86
63 87
63 92
63 99
63 103
63 104
63 105
63 106
63 109
63 110
63 111
63 118
63 122
63 123
63 124
63 125
63 126
63 130
63 132
63 137
63 138
63 139
63 142
63 143
63 144
63 145
63 147
63 148
63 150
63 152
63 153
63 155
63 156
63 159
63 161
63 164
63 167
63 170
63 171
63 175
63 176
63 177
63 179
63 180
63 187
63 190
63 191
63 195
63 196
63 197
63 199
63 203
63 204
63 207
63 208
63 213
63 214
63 215
63 224
63 225
64 66
64 68
64 69
64 70
64 71
64 74
64 75
64 77
64 78
64 81
64 82
64 84
64 86
64 87
64 89
64 96
64 97
64 98
64 101
64 102
64 105
64 108
64 109
64 114
64 115
64 118
64 121
64 124
64 126
64 127
64 131
64 132
64 133
64 136
64 137
64 138
64 142
64 144
64 145
64 150
64 157
64 159
64 160
64 171
64 174
64 175
64 176
64 179
64 181
64 183
64 188
64 189
64 191
64 193
64 194
64 196
64 199
64 200
64 201
64 202
64 203
64 206
64 207
64 210
64 212
64 215
64 217
64 218
64 220
64 222
64 223
64 226
64 228
65 66
65 68
65 69
65 71
65 73
65 74
65 76
65 78
65 81
65 84
65 86
65 91
65 94
65 96
65 97
65 99
65 103
65 104
65 105
65 106
65 109
65 110
65 115
65 116
65 118
65 119
65 121
65 122
65 123
65 124
65 126
65 130
65 132
65 135
65 136
65 137
65 138
65 141
65 143
65 147
65 149
65 151
65 153
65 156
65 162
65 164
65 165
65 166
65 167
65 168
65 172
65 173
65 174
65 175
65 179
65 180
65 182
65 188
65 190
65 192
65 193
65 194
65 195
65 197
65 200
65 201
65 203
65 207
65 211
65 212
65 214
65 219
65 224
65 226
66 72
66 73
66 74
66 78
66 79
66 81
66 82
66 84
66 85
66 86
66 87
66 89
66 92
66 94
66 96
66 99
66 100
66 101
66 104
66 112
66 114
66 115
66 116
66 118
66 119
66 123
66 124
66 126
66 128
66 129
66 136
66 138
66 139
66 142
66 143
66 150
66 153
66 154
66 155
66 160
66 162
66 169
66 178
66 180
66 181
66 182
66 183
66 184
66 188
66 189
66 194
66 197
66 200
66 205
66 206
66 207
66 208
66 210
66 212
66 216
66 217
66 218
66 223
66 224
66 225
66 226
66 228
66 229
67 68
67 70
67 73
67 74
67 75
67 76
67 77
67 78
67 81
67 82
67 87
67 89
67 92
67 94
67 95
67 97
67 98
67 100
67 105
67 106
67 110
67 111
67 112
67 119
67 120
67 129
67 130
67 131
67 134
67 136
67 137
67 141
67 142
67 146
67 149
67 150
67 152
67 153
67 155
67 157
67 158
67 159
67 160
67 162
67 164
67 165
67 166
67 167
67 173
67 174
67 175
67 176
67 187
67 190
67 191
67 193
67 194
67 196
67 197
67 198
67 200
67 201
67 202
67 203
67 209
67 210
67 213
67 215
67 216
67 218
67 219
67 222
67 226
68 69
68 72
68 78
68 80
68 82
68 83
68 85
68 88
68 93
68 98
68 100
68 103
68 104
68 106
68 108
68 109
68 110
68 118
68 119
68 122
68 125
68 127
68 130
68 132
68 135
68 137
68 142
68 143
68 144
68 145
68 146
68 147
68 148
68 149
68 153
68 155
68 156
68 160
68 163
68 164
68 169
68 171
68 172
68 174
68 180
68 181
68 184
68 187
68 189
68 193
68 195
68 197
68 200
68 201
68 202
68 204
68 206
68 207
68 208
68 209
68 210
68 214
68 216
68 217
68 219
68 222
68 224
68 226
68 227
68 229
69 70
69 72
69 77
69 78
69 80
69 81
69 85
69 86
69 87
69 88
69 90
69 91
69 94
69 95
69 96
69 97
69 100
69 101
69 103
69 104
69 110
69 111
69 112
69 113
69 116
69 118
69 120
69 122
69 124
69 125
69 126
69 131
69 132
69 133
69 134
69 135
69 136
69 137
69 141
69 142
69 143
69 144
69 145
69 147
69 148
69 149
69 150
69 151
69 154
69 155
69 157
69 166
69 167
69 168
69 171
69 174
69 175
69 176
69 177
69 178
69 185
69 194
69 195
69 196
69 197
69 200
69 202
69 204
69 209
69 214
69 215
69 216
69 219
69 220
69 221
69 222
69 223
69 225
69 226
69 227
69 229
70 71
70 73
70 74
70 76
70 77
70 79
70 80
70 83
70 84
70 85
70 87
70 88
70 89
70 92
70 94
70 99
70 100
70 102
70 107
70 112
70 114
70 116
70 119
70 124
70 126
70 131
70 132
70 133
70 136
70 137
70 139
70 141
70 146
70 151
70 156
70 157
70 159
70 161
70 162
70 163
70 164
70 167
70 170
70 171
70 173
70 175
70 178
70 179
70 180
70 182
70 183
70 185
70 187
70 190
70 193
70 194
70 195
70 196
70 197
70 198
70 205
70 206
70 209
70 210
70 211
70 213
70 216
70 218
70 220
70 222
70 223
70 225
70 226
70 227
70 228
70 229
71 73
71 74
71 75
71 79
71 80
71 81
71 82
71 85
71 88
71 89
71 90
71 93
71 94
71 97
71 98
71 102
71 103
71 104
71 108
71 110
71 114
71 115
71 116
71 119
71 123
71 125
71 127
71 135
71 136
71 137
71 138
71 140
71 144
71 147
71 148
71 151
71 152
71 155
71 156
71 157
71 158
71 168
71 169
71 170
71 171
71 172
71 177
71 180
71 181
71 184
71 185
71 187
71 189
71 190
71 195
71 196
71 197
71 198
71 199
71 200
71 201
71 203
71 206
71 207
71 208
71 217
71 218
71 221
71 225
71 228
71 229
72 73
72 75
72 76
72 78
72 80
72 81
72 82
72 87
72 88
72 89
72 92
72 95
72 103
72 106
72 107
72 110
72 112
72 114
72 117
72 121
72 122
72 123
72 124
72 125
72 132
72 133
72 136
72 137
72 138
72 142
72 143
72 147
72 150
72 152
72 156
72 157
72 160
72 164
72 166
72 168
72 169
72 172
72 173
72 181
72 182
72 184
72 185
72 188
72 189
72 193
72 195
72 197
72 198
72 199
72 200
72 202
72 203
72 204
72 208
72 209
72 210
72 211
72 214
72 216
72 219
72 221
72 223
72 224
72 225
72 227
72 229
73 74
73 75
73 76
73 80
73 82
73 86
73 89
73 92
73 96
73 98
73 101
73 103
73 105
73 106
73 107
73 109
73 112
73 114
73 115
73 117
73 121
73 124
73 126
73 130
73 132
73 137
73 140
73 150
73 151
73 152
73 154
73 157
73 159
73 166
73 172
73 175
73 176
73 177
73 181
73 185
73 188
73 189
73 190
73 192
73 193
73 205
73 206
73 209
73 211
73 214
73 215
73 216
73 225
73 227
73 228
74 77
74 79
74 82
74 85
74 87
74 90
74 93
74 94
74 103
74 109
74 111
74 112
74 114
74 117
74 118
74 120
74 121
74 122
74 123
74 124
74 127
74 128
74 129
74 131
74 132
74 133
74 134
74 135
74 137
74 139
74 142
74 144
74 145
74 146
74 149
74 151
74 153
74 156
74 158
74 159
74 162
74 163
74 168
74 169
74 172
74 173
74 176
74 177
74 178
74 180
74 182
74 183
74 186
74 188
74 191
74 192
74 194
74 195
74 196
74 197
74 201
74 204
74 206
74 209
74 212
74 213
74 214
74 215
74 216
74 217
74 218
74 219
74 220
74 221
74 224
74 225
75 79
75 80
75 85
75 88
75 90
75 95
75 100
75 102
75 103
75 107
75 108
75 110
75 111
75 112
75 115
75 117
75 119
75 123
75 126
75 130
75 131
75 134
75 138
75 139
75 140
75 141
75 144
75 145
75 146
75 151
75 152
75 159
75 160
75 162
75 166
75 171
75 172
75 173
75 176
75 178
75 181
75 187
75 188
75 191
75 193
75 194
75 196
75 197
75 203
75 204
75 205
75 206
75 207
75 208
75 211
75 212
75 213
75 214
75 216
75 220
75 223
75 224
75 225
75 226
75 227
76 79
76 82
76 85
76 86
76 87
76 90
76 91
76 94
76 96
76 100
76 102
76 104
76 106
76 107
76 112
76 114
76 115
76 117
76 126
76 127
76 135
76 137
76 138
76 139
76 143
76 147
76 150
76 152
76 157
76 162
76 163
76 164
76 168
76 175
76 176
76 177
76 179
76 189
76 191
76 192
76 198
76 199
76 202
76 203
76 204
76 207
76 208
76 211
76 218
76 221
76 222
76 229
77 80
77 82
77 83
77 84
77 87
77 88
77 89
77 92
77 94
77 95
77 96
77 98
77 103
77 105
77 108
77 113
77 115
77 116
77 118
77 120
77 127
77 129
77 130
77 131
77 132
77 133
77 134
77 135
77 136
77 138
77 139
77 140
77 145
77 153
77 155
77 157
77 162
77 163
77 165
77 166
77 174
77 175
77 177
77 178
77 179
77 180
77 184
77 186
77 188
77 193
77 196
77 197
77 199
77 200
77 201
77 202
77 204
77 209
77 210
77 213
77 215
77 225
77 227
77 229
78 83
78 90
78 93
78 94
78 95
78 97
78 98
78 99
78 100
78 103
78 105
78 109
78 111
78 112
78 113
78 120
78 121
78 122
78 128
78 131
78 133
78 135
78 142
78 143
78 147
78 148
78 149
78 150
78 151
78 152
78 153
78 154
78 155
78 157
78 161
78 162
78 165
78 166
78 167
78 170
78 173
78 174
78 180
78 182
78 184
78 187
78 190
78 192
78 193
78 195
78 197
78 198
78 200
78 204
78 205
78 207
78 208
78 210
78 216
78 218
78 220
78 221
78 222
78 223
78 224
78 226
79 91
79 95
79 97
79 98
79 99
79 101
79 102
79 103
79 104
79 105
79 107
79 108
79 112
79 120
79 125
79 126
79 127
79 128
79 130
79 131
79 132
79 133
79 134
79 136
79 139
79 140
79 142
79 143
79 144
79 146
79 147
79 149
79 151
79 155
79 156
79 157
79 159
79 160
79 161
79 162
79 167
79 169
79 170
79 171
79 172
79 173
79 176
79 180
79 181
79 183
79 185
79 188
79 191
79 193
79 194
79 195
79 198
79 199
79 200
79 207
79 213
79 214
79 217
79 218
79 221
79 222
79 223
79 224
79 225
79 226
79 227
80 87
80 88
80 89
80 94
80 96
80 98
80 102
80 103
80 105
80 108
80 109
80 110
80 113
80 114
80 119
80 120
80 125
80 126
80 127
80 129
80 137
80 139
80 145
80 147
80 150
80 151
80 152
80 153
80 154
80 157
80 161
80 162
80 165
80 166
80 170
80 171
80 172
80 173
80 174
80 178
80 181
80 182
80 183
80 185
80 195
80 199
80 201
80 208
80 209
80 213
80 214
80 223
80 224
80 225
80 227
80 229
81 82
81 83
81 86
81 87
81 88
81 90
81 97
81 98
81 99
81 101
81 103
81 105
81 107
81 111
81 112
81 116
81 119
81 120
81 121
81 122
81 124
81 126
81 128
81 130
81 131
81 135
81 136
81 137
81 139
81 140
81 143
81 144
81 146
81 147
81 148
81 149
81 150
81 153
81 155
81 157
81 160
81 164
81 165
81 167
81 170
81 172
81 174
81 175
81 176
81 177
81 178
81 182
81 184
81 185
81 193
81 194
81 195
81 200
81 201
81 202
81 208
81 209
81 210
81 211
81 214
81 215
81 216
81 223
81 224
81 227
81 228
82 85
82 89
82 92
82 94
82 95
82 96
82 98
82 100
82 108
82 109
82 110
82 112
82 119
82 120
82 124
82 126
82 127
82 129
82 131
82 132
82 133
82 134
82 135
82 137
82 139
82 140
82 142
82 143
82 145
82 150
82 152
82 153
82 154
82 156
82 157
82 163
82 164
82 166
82 167
82 172
82 175
82 179
82 180
82 183
82 185
82 187
82 188
82 191
82 192
82 196
82 197
82 198
82 199
82 201
82 206
82 207
82 208
82 209
82 211
82 213
82 217
82 218
82 221
82 222
82 223
82 224
82 225
82 226
82 228
82 229
83 85
83 87
83 89
83 90
83 94
83 95
83 96
83 97
83 99
83 100
83 101
83 102
83 106
83 108
83 109
83 114
83 115
83 117
83 120
83 126
83 127
83 128
83 133
83 135
83 137
83 138
83 139
83 142
83 143
83 144
83 145
83 146
83 148
83 149
83 150
83 151
83 153
83 154
83 155
83 156
83 157
83 158
83 159
83 164
83 165
83 166
83 167
83 170
83 171
83 174
83 176
83 177
83 180
83 181
83 184
83 186
83 187
83 188
83 191
83 195
83 196
83 200
83 203
83 207
83 211
83 213
83 215
83 218
83 220
83 224
84 85
84 91
84 93
84 94
84 95
84 96
84 97
84 99
84 104
84 106
84 108
84 109
84 110
84 113
84 114
84 115
84 116
84 125
84 127
84 128
84 129
84 130
84 132
84 134
84 135
84 136
84 137
84 140
84 143
84 144
84 147
84 148
84 149
84 150
84 151
84 154
84 155
84 163
84 165
84 167
84 169
84 172
84 174
84 175
84 178
84 181
84 182
84 184
84 186
84 189
84 193
84 195
84 196
84 197
84 202
84 204
84 206
84 207
84 210
84 212
84 213
84 214
84 218
84 219
84 226
84 227
85 86
85 89
85 90
85 91
85 94
85 95
85 100
85 101
85 102
85 103
85 104
85 110
85 112
85 114
85 116
85 117
85 118
85 125
85 127
85 134
85 136
85 137
85 138
85 144
85 147
85 148
85 152
85 153
85 155
85 156
85 157
85 158
85 159
85 161
85 162
85 164
85 165
85 168
85 170
85 173
85 175
85 179
85 183
85 185
85 187
85 189
85 191
85 195
85 196
85 197
85 202
85 203
85 204
85 207
85 208
85 209
85 212
85 214
85 215
85 216
85 219
85 225
85 227
85 228
86 87
86 88
86 89
86 90
86 91
86 92
86 95
86 96
86 97
86 99
86 101
86 102
86 107
86 109
86 110
86 113
86 117
86 118
86 122
86 124
86 125
86 129
86 131
86 138
86 141
86 145
86 146
86 151
86 152
86 154
86 155
86 156
86 158
86 161
86 166
86 170
86 173
86 175
86 178
86 179
86 181
86 182
86 183
86 192
86 194
86 196
86 197
86 198
86 200
86 202
86 204
86 205
86 206
86 209
86 211
86 212
86 213
86 214
86 215
86 218
86 221
86 222
86 225
86 226
86 228
87 89
87 96
87 97
87 100
87 102
87 103
87 105
87 106
87 107
87 109
87 111
87 113
87 117
87 119
87 120
87 124
87 125
87 126
87 128
87 129
87 131
87 132
87 136
87 138
87 139
87 140
87 142
87 146
87 147
87 149
87 155
87 156
87 159
87 162
87 166
87 167
87 168
87 172
87 173
87 174
87 175
87 176
87 177
87 179
87 180
87 183
87 184
87 187
87 191
87 194
87 195
87 197
87 199
87 200
87 210
87 211
87 212
87 215
87 216
87 218
87 222
87 223
87 228
87 229
88 89
88 90
88 92
88 101
88 104
88 107
88 108
88 109
88 110
88 114
88 115
88 121
88 123
88 124
88 129
88 133
88 136
88 137
88 140
88 144
88 145
88 147
88 148
88 151
88 153
88 154
88 155
88 156
88 159
88 160
88 161
88 162
88 163
88 165
88 168
88 173
88 174
88 176
88 177
88 178
88 179
88 181
88 183
88 190
88 192
88 193
88 194
88 195
88 196
88 197
88 199
88 200
88 201
88 203
88 207
88 209
88 210
88 211
88 212
88 213
88 215
88 216
88 220
88 221
88 226
89 94
89 95
89 99
89 100
89 102
89 103
89 104
89 111
89 116
89 119
89 120
89 121
89 122
89 123
89 124
89 126
89 127
89 132
89 133
89 136
89 138
89 139
89 140
89 145
89 146
89 147
89 151
89 155
89 156
89 157
89 158
89 160
89 162
89 164
89 166
89 171
89 173
89 175
89 177
89 182
89 183
89 185
89 187
89 188
89 193
89 199
89 203
89 204
89 210
89 214
89 215
89 216
89 221
89 224
89 225
89 227
90 94
90 95
90 96
90 99
90 102
90 104
90 105
90 106
90 111
90 113
90 114
90 117
90 120
90 128
90 130
90 133
90 134
90 135
90 138
90 140
90 141
90 145
90 148
90 149
90 151
90 153
90 156
90 158
90 161
90 163
90 169
90 170
90 171
90 172
90 173
90 174
90 175
90 176
90 178
90 179
90 183
90 185
90 186
90 189
90 190
90 192
90 195
90 197
90 200
90 202
90 204
90 205
90 212
90 213
90 218
90 220
90 222
90 223
90 224
90 225
91 92
91 96
91 97
91 98
91 100
91 101
91 104
91 108
91 109
91 111
91 113
91 115
91 116
91 119
91 120
91 123
91 126
91 128
91 130
91 132
91 133
91 134
91 136
91 139
91 140
91 141
91 143
91 144
91 149
91 150
91 151
91 154
91 155
91 159
91 163
91 165
91 166
91 168
91 170
91 172
91 173
91 175
91 176
91 180
91 185
91 187
91 189
91 190
91 194
91 195
91 196
91 202
91 203
91 204
91 205
91 206
91 207
91 210
91 211
91 213
91 214
91 215
91 217
91 219
91 223
91 225
91 226
91 227
91 228
92 93
92 95
92 96
92 99
92 100
92 108
92 109
92 112
92 114
92 117
92 118
92 119
92 120
92 121
92 125
92 127
92 130
92 131
92 132
92 137
92 138
92 141
92 142
92 147
92 148
92 149
92 150
92 152
92 153
92 154
92 158
92 160
92 161
92 163
92 166
92 169
92 172
92 173
92 174
92 177
92 178
92 181
92 182
92 184
92 186
92 187
92 188
92 190
92 192
92 193
92 199
92 203
92 204
92 207
92 208
92 209
92 214
92 215
92 216
92 218
92 219
92 220
92 221
92 224
92 225
92 226
92 227
92 228
92 229
93 99
93 101
93 107
93 111
93 113
93 115
93 117
93 121
93 122
93 124
93 125
93 131
93 132
93 133
93 134
93 136
93 137
93 141
93 143
93 147
93 148
93 149
93 150
93 154
93 156
93 159
93 161
93 164
93 167
93 170
93 172
93 175
93 176
93 177
93 178
93 179
93 181
93 182
93 183
93 185
93 187
93 191
93 192
93 193
93 194
93 196
93 197
93 198
93 199
93 200
93 202
93 205
93 209
93 210
93 211
93 212
93 213
93 214
93 215
93 216
93 218
93 219
93 220
93 221
93 222
93 224
93 225
93 227
93 228
94 95
94 103
94 106
94 108
94 109
94 110
94 112
94 113
94 114
94 116
94 121
94 123
94 124
94 125
94 126
94 128
94 142
94 144
94 145
94 152
94 153
94 154
94 155
94 156
94 157
94 158
94 159
94 166
94 173
94 177
94 179
94 182
94 184
94 185
94 187
94 189
94 191
94 196
94 197
94 200
94 204
94 206
94 207
94 211
94 212
94 214
94 215
94 220
94 221
94 224
94 225
94 226
94 227
94 229
95 97
95 99
95 101
95 102
95 103
95 105
95 106
95 108
95 109
95 111
95 112
95 113
95 115
95 117
95 124
95 125
95 127
95 129
95 130
95 131
95 133
95 136
95 139
95 141
95 146
95 150
95 153
95 155
95 157
95 159
95 161
95 163
95 165
95 166
95 168
95 169
95 170
95 171
95 173
95 177
95 179
95 180
95 181
95 182
95 183
95 184
95 185
95 192
95 194
95 195
95 197
95 202
95 204
95 205
95 209
95 211
95 212
95 217
95 218
95 219
95 221
95 222
95 225
95 228
96 98
96 99
96 101
96 102
96 103
96 105
96 106
96 109
96 112
96 113
96 114
96 116
96 118
96 119
96 123
96 125
96 126
96 127
96 130
96 140
96 141
96 144
96 145
96 150
96 151
96 153
96 154
96 156
96 159
96 160
96 161
96 163
96 165
96 168
96 169
96 173
96 174
96 177
96 182
96 186
96 187
96 190
96 191
96 196
96 197
96 200
96 201
96 204
96 206
96 208
96 209
96 210
96 211
96 223
96 225
96 226
96 228
97 98
97 100
97 102
97 105
97 111
97 112
97 114
97 115
97 118
97 121
97 125
97 130
97 131
97 135
97 140
97 142
97 143
97 148
97 149
97 153
97 154
97 156
97 157
97 159
97 161
97 165
97 167
97 168
97 173
97 175
97 176
97 180
97 181
97 182
97 185
97 188
97 189
97 190
97 193
97 194
97 200
97 201
97 213
97 215
97 218
97 219
97 220
97 221
97 222
97 224
97 225
98 100
98 102
98 104
98 105
98 106
98 107
98 108
98 111
98 112
98 115
98 116
98 118
98 120
98 121
98 124
98 125
98 126
98 127
98 128
98 131
98 132
98 134
98 135
98 138
98 139
98 140
98 143
98 146
98 149
98 150
98 152
98 154
98 158
98 160
98 164
98 169
98 172
98 174
98 175
98 178
98 180
98 182
98 184
98 185
98 186
98 188
98 190
98 196
98 197
98 198
98 200
98 201
98 203
98 204
98 207
98 210
98 212
98 214
98 216
98 218
98 219
98 227
98 228
99 102
99 105
99 108
99 112
99 113
99 114
99 115
99 116
99 117
99 120
99 124
99 125
99 128
99 130
99 132
99 137
99 139
99 140
99 141
99 144
99 149
99 153
99 157
99 161
99 162
99 163
99 166
99 168
99 170
99 171
99 174
99 175
99 177
99 179
99 181
99 182
99 183
99 184
99 185
99 189
99 191
99 193
99 195
99 196
99 197
99 202
99 205
99 207
99 209
99 216
99 219
99 220
99 222
99 224
99 225
99 226
99 227
99 228
99 229
100 103
100 105
100 108
100 109
100 113
100 116
100 118
100 119
100 120
100 124
100 125
100 127
100 128
100 130
100 131
100 133
100 134
100 135
100 138
100 140
100 141
100 143
100 145
100 146
100 147
100 148
100 149
100 153
100 158
100 160
100 161
100 162
100 163
100 164
100 168
100 169
100 170
100 171
100 173
100 176
100 179
100 180
100 183
100 184
100 187
100 189
100 192
100 197
100 198
100 199
100 206
100 207
100 208
100 211
100 215
100 216
100 217
100 218
100 219
100 225
100 226
101 103
101 106
101 107
101 108
101 109
101 110
101 111
101 113
101 115
101 116
101 118
101 121
101 123
101 124
101 126
101 127
101 130
101 131
101 133
101 136
101 138
101 140
101 143
101 144
101 145
101 147
101 149
101 150
101 152
101 154
101 157
101 158
101 163
101 170
101 171
101 173
101 176
101 181
101 182
101 184
101 193
101 194
101 195
101 196
101 198
101 199
101 201
101 204
101 206
101 207
101 209
101 211
101 212
101 217
101 218
101 219
101 221
101 223
101 224
101 225
102 103
102 105
102 106
102 107
102 110
102 113
102 120
102 122
102 124
102 126
102 128
102 133
102 136
102 138
102 140
102 142
102 143
102 145
102 148
102 150
102 153
102 155
102 161
102 163
102 164
102 166
102 167
102 168
102 169
102 170
102 172
102 177
102 178
102 183
102 189
102 190
102 192
102 200
102 202
102 204
102 206
102 207
102 208
102 212
102 213
102 214
102 217
102 218
102 219
102 220
102 221
102 224
102 229
103 105
103 107
103 112
103 113
103 116
103 122
103 127
103 131
103 132
103 133
103 137
103 139
103 140
103 141
103 143
103 145
103 146
103 147
103 153
103 154
103 155
103 156
103 159
103 164
103 165
103 168
103 169
103 173
103 176
103 177
103 178
103 179
103 183
103 184
103 185
103 187
103 188
103 189
103 191
103 192
103 195
103 197
103 200
103 203
103 204
103 205
103 206
103 210
103 211
103 212
103 217
103 221
103 224
103 225
103 227
103 228
104 112
104 115
104 117
104 118
104 121
104 123
104 124
104 125
104 126
104 127
104 131
104 133
104 137
104 138
104 140
104 141
104 143
104 146
104 147
104 150
104 151
104 153
104 154
104 155
104 156
104 158
104 160
104 162
104 164
104 165
104 166
104 168
104 169
104 172
104 175
104 178
104 179
104 180
104 182
104 185
104 186
104 188
104 193
104 196
104 197
104 198
104 199
104 201
104 204
104 208
104 213
104 214
104 216
104 220
104 225
104 227
104 228
105 107
105 108
105 110
105 116
105 117
105 119
105 120
105 121
105 122
105 123
105 125
105 128
105 129
105 130
105 131
105 132
105 135
105 136
105 139
105 141
105 143
105 144
105 147
105 149
105 154
105 155
105 158
105 159
105 169
105 170
105 176
105 177
105 185
105 188
105 189
105 192
105 195
105 197
105 199
105 202
105 203
105 204
105 210
105 212
105 214
105 216
105 220
105 227
105 228
106 107
106 108
106 114
106 116
106 118
106 120
106 121
106 124
106 127
106 132
106 137
106 138
106 139
106 140
106 143
106 144
106 149
106 150
106 152
106 156
106 158
106 159
106 160
106 161
106 164
106 165
106 166
106 167
106 171
106 172
106 176
106 179
106 182
106 184
106 186
106 187
106 188
106 189
106 190
106 191
106 192
106 194
106 196
106 199
106 202
106 203
106 204
106 206
106 207
106 210
106 211
106 214
106 215
106 218
106 220
106 221
106 223
106 224
106 226
106 228
107 108
107 113
107 115
107 116
107 119
107 129
107 130
107 131
107 132
107 133
107 134
107 135
107 136
107 139
107 140
107 145
107 146
107 147
107 148
107 149
107 151
107 153
107 155
107 161
107 162
107 165
107 167
107 171
107 174
107 175
107 176
107 180
107 181
107 182
107 184
107 186
107 190
107 191
107 192
107 194
107 195
107 197
107 198
107 202
107 204
107 205
107 207
107 209
107 212
107 213
107 214
107 217
107 219
107 222
107 224
107 225
107 226
108 110
108 111
108 112
108 113
108 115
108 117
108 120
108 121
108 122
108 124
108 125
108 126
108 129
108 130
108 131
108 132
108 134
108 135
108 138
108 141
108 143
108 145
108 150
108 154
108 156
108 158
108 159
108 161
108 162
108 168
108 171
108 172
108 177
108 178
108 181
108 185
108 186
108 187
108 188
108 194
108 199
108 200
108 201
108 202
108 205
108 210
108 211
108 213
108 214
108 219
108 220
108 221
108 225
108 226
108 227
108 229
109 110
109 111
109 112
109 113
109 114
109 115
109 118
109 123
109 125
109 129
109 131
109 133
109 136
109 137
109 140
109 142
109 144
109 145
109 149
109 153
109 154
109 155
109 156
109 157
109 158
109 159
109 161
109 165
109 167
109 171
109 172
109 174
109 178
109 183
109 184
109 185
109 186
109 189
109 195
109 196
109 197
109 199
109 200
109 206
109 207
109 208
109 209
109 210
109 215
109 217
109 219
109 220
109 221
109 224
110 113
110 115
110 117
110 118
110 119
110 120
110 123
110 125
110 127
110 129
110 130
110 131
110 132
110 133
110 135
110 136
110 140
110 141
110 143
110 144
110 145
110 148
110 149
110 155
110 156
110 158
110 159
110 162
110 163
110 165
110 166
110 168
110 170
110 171
110 172
110 174
110 175
110 179
110 181
110 184
110 188
110 190
110 191
110 192
110 195
110 197
110 198
110 200
110 201
110 202
110 205
110 206
110 207
110 210
110 214
110 221
110 226
110 227
110 228
111 112
111 114
111 115
111 116
111 117
111 119
111 121
111 122
111 125
111 127
111 128
111 129
111 131
111 132
111 133
111 135
111 136
111 139
111 140
111 142
111 143
111 144
111 145
111 147
111 150
111 153
111 156
111 159
111 160
111 161
111 163
111 164
111 167
111 171
111 173
111 174
111 179
111 181
111 183
111 184
111 185
111 188
111 189
111 190
111 193
111 195
111 196
111 199
111 200
111 202
111 203
111 204
111 207
111 208
111 209
111 210
111 213
111 216
111 219
111 221
111 226
111 228
111 229
112 119
112 121
112 122
112 123
112 129
112 131
112 135
112 137
112 140
112 141
112 146
112 150
112 152
112 155
112 156
112 158
112 162
112 164
112 165
112 168
112 170
112 175
112 177
112 178
112 182
112 183
112 184
112 185
112 192
112 193
112 194
112 196
112 197
112 198
112 200
112 204
112 207
112 211
112 214
112 222
112 224
112 225
112 226
112 227
113 114
113 115
113 116
113 118
113 120
113 123
113 125
113 128
113 129
113 131
113 134
113 136
113 137
113 139
113 144
113 145
113 147
113 151
113 152
113 153
113 154
113 158
113 160
113 161
113 162
113 167
113 169
113 173
113 174
113 176
113 182
113 183
113 187
113 188
113 190
113 191
113 192
113 193
113 194
113 199
113 200
113 201
113 202
113 203
113 206
113 208
113 210
113 211
113 216
113 218
113 219
113 221
113 224
113 227
113 228
113 229
114 118
114 119
114 120
114 124
114 125
114 129
114 131
114 132
114 134
114 135
114 136
114 138
114 139
114 141
114 142
114 143
114 144
114 145
114 147
114 148
114 150
114 153
114 155
114 156
114 159
114 160
114 161
114 162
114 165
114 166
114 169
114 173
114 174
114 177
114 178
114 181
114 182
114 188
114 190
114 191
114 196
114 197
114 198
114 199
114 200
114 201
114 203
114 204
114 205
114 206
114 208
114 210
114 211
114 212
114 213
114 214
114 215
114 217
114 218
114 219
114 221
114 222
114 223
114 224
114 227
114 228
115 118
115 123
115 124
115 127
115 128
115 131
115 132
115 133
115 138
115 139
115 140
115 141
115 143
115 144
115 145
115 148
115 149
115 151
115 152
115 153
115 156
115 158
115 160
115 164
115 165
115 171
115 174
115 185
115 186
115 187
115 188
115 192
115 199
115 200
115 201
115 202
115 205
115 207
115 210
115 211
115 212
115 213
115 219
115 221
115 222
115 224
115 226
115 227
115 228
116 120
116 123
116 127
116 131
116 132
116 135
116 137
116 138
116 145
116 151
116 153
116 154
116 155
116 157
116 159
116 163
116 164
116 166
116 167
116 168
116 171
116 173
116 174
116 175
116 180
116 184
116 185
116 186
116 188
116 190
116 196
116 197
116 199
116 203
116 204
116 206
116 207
116 208
116 210
116 214
116 218
116 219
116 220
116 221
116 226
116 227
116 228
116 229
117 118
117 119
117 121
117 122
117 124
117 130
117 133
117 135
117 136
117 137
117 141
117 144
117 145
117 147
117 148
117 153
117 155
117 161
117 165
117 173
117 176
117 177
117 182
117 183
117 184
117 190
117 192
117 193
117 194
117 197
117 198
117 199
117 201
117 203
117 205
117 210
117 211
117 212
117 214
117 215
117 218
117 219
117 220
117 221
117 222
117 223
117 225
117 227
118 124
118 126
118 127
118 129
118 130
118 133
118 134
118 135
118 136
118 138
118 144
118 145
118 146
118 148
118 153
118 154
118 156
118 160
118 163
118 166
118 167
118 168
118 171
118 174
118 177
118 179
118 181
118 182
118 186
118 187
118 189
118 190
118 191
118 192
118 193
118 195
118 198
118 199
118 204
118 207
118 208
118 211
118 212
118 213
118 216
118 217
118 219
118 221
118 222
118 224
118 225
118 226
119 121
119 122
119 123
119 126
119 129
119 132
119 134
119 135
119 138
119 139
119 140
119 141
119 142
119 143
119 146
119 148
119 149
119 150
119 154
119 155
119 164
119 165
119 167
119 169
119 171
119 177
119 178
119 183
119 185
119 188
119 189
119 191
119 192
119 193
119 194
119 195
119 199
119 200
119 204
119 205
119 208
119 209
119 212
119 213
119 216
119 219
119 220
119 221
119 222
119 228
119 229
120 121
120 122
120 123
120 125
120 128
120 130
120 134
120 136
120 137
120 139
120 142
120 144
120 145
120 147
120 149
120 150
120 151
120 156
120 158
120 159
120 160
120 161
120 162
120 164
120 169
120 173
120 174
120 176
120 179
120 181
120 183
120 185
120 186
120 187
120 189
120 193
120 196
120 198
120 199
120 201
120 203
120 204
120 208
120 209
120 213
120 218
120 219
120 223
120 224
120 227
120 229
121 122
121 123
121 124
121 129
121 136
121 137
121 141
121 143
121 144
121 148
121 155
121 158
121 160
121 164
121 166
121 170
121 172
121 173
121 174
121 175
121 176
121 185
121 190
121 191
121 192
121 193
121 195
121 196
121 197
121 198
121 199
121 200
121 201
121 202
121 206
121 207
121 209
121 211
121 214
121 215
121 219
121 220
121 221
121 224
121 228
122 123
122 127
122 134
122 136
122 141
122 144
122 146
122 147
122 148
122 153
122 156
122 157
122 158
122 160
122 161
122 164
122 167
122 172
122 176
122 177
122 180
122 182
122 186
122 188
122 191
122 198
122 201
122 204
122 207
122 209
122 211
122 214
122 216
122 217
122 219
122 222
122 224
122 226
122 228
123 126
123 128
123 139
123 140
123 146
123 149
123 150
123 151
123 153
123 159
123 161
123 163
123 164
123 166
123 171
123 174
123 177
123 184
123 185
123 187
123 188
123 189
123 191
123 192
123 193
123 197
123 198
123 199
123 201
123 204
123 206
123 207
123 208
123 210
123 212
123 213
123 215
123 217
123 218
123 220
123 222
123 227
123 229
124 129
124 131
124 132
124 135
124 136
124 137
124 141
124 142
124 143
124 145
124 146
124 150
124 155
124 157
124 158
124 159
124 162
124 165
124 166
124 167
124 169
124 170
124 171
124 172
124 175
124 178
124 179
124 181
124 183
124 184
124 185
124 186
124 187
124 192
124 193
124 194
124 195
124 200
124 202
124 205
124 207
124 210
124 213
124 214
124 217
124 220
124 222
124 224
124 225
125 128
125 131
125 133
125 139
125 140
125 146
125 147
125 148
125 149
125 152
125 153
125 154
125 156
125 157
125 159
125 160
125 163
125 165
125 167
125 169
125 170
125 171
125 172
125 180
125 182
125 183
125 188
125 190
125 198
125 199
125 202
125 206
125 208
125 210
125 211
125 212
125 214
125 219
125 220
125 221
125 223
125 224
125 226
126 129
126 130
126 131
126 134
126 136
126 139
126 141
126 145
126 151
126 152
126 153
126 154
126 157
126 158
126 162
126 163
126 165
126 170
126 171
126 173
126 176
126 177
126 181
126 183
126 186
126 187
126 188
126 189
126 190
126 199
126 200
126 204
126 205
126 207
126 212
126 216
126 217
126 219
126 222
126 223
126 224
126 225
126 226
126 229
127 128
127 129
127 130
127 134
127 135
127 136
127 137
127 141
127 142
127 144
127 147
127 151
127 152
127 153
127 154
127 156
127 159
127 164
127 168
127 172
127 173
127 174
127 176
127 179
127 183
127 185
127 187
127 188
127 193
127 194
127 196
127 197
127 204
127 205
127 207
127 208
127 211
127 212
127 215
127 220
127 225
128 129
128 130
128 132
128 133
128 134
128 136
128 138
128 141
128 144
128 145
128 147
128 148
128 151
128 155
128 158
128 159
128 160
128 161
128 163
128 165
128 168
128 169
128 171
128 173
128 175
128 180
128 181
128 182
128 187
128 188
128 190
128 192
128 193
128 194
128 195
128 197
128 200
128 202
128 205
128 207
128 208
128 211
128 212
128 215
128 216
128 218
128 219
128 220
128 221
128 222
128 224
128 225
128 226
128 228
129 130
129 132
129 135
129 136
129 142
129 143
129 144
129 145
129 146
129 147
129 148
129 150
129 151
129 154
129 157
129 158
129 159
129 160
129 162
129 167
129 170
129 172
129 173
129 175
129 182
129 184
129 188
129 193
129 194
129 196
129 197
129 198
129 201
129 202
129 205
129 211
129 213
129 214
129 216
129 219
129 224
129 226
130 134
130 138
130 139
130 143
130 148
130 149
130 150
130 157
130 158
130 160
130 161
130 164
130 166
130 168
130 169
130 171
130 172
130 173
130 176
130 183
130 185
130 187
130 189
130 192
130 194
130 195
130 197
130 201
130 204
130 208
130 210
130 212
130 213
130 216
130 219
130 220
130 224
130 225
130 226
130 227
130 228
131 132
131 134
131 136
131 137
131 140
131 141
131 146
131 150
131 155
131 156
131 157
131 158
131 159
131 163
131 164
131 167
131 169
131 171
131 173
131 175
131 180
131 182
131 183
131 185
131 187
131 190
131 194
131 195
131 198
131 199
131 200
131 203
131 204
131 208
131 209
131 212
131 213
131 214
131 216
131 218
131 223
131 226
132 137
132 138
132 141
132 143
132 144
132 145
132 149
132 152
132 156
132 157
132 160
132 161
132 169
132 170
132 173
132 176
132 177
132 182
132 183
132 185
132 188
132 193
132 194
132 197
132 198
132 199
132 203
132 205
132 207
132 211
132 212
132 214
132 217
132 218
132 222
132 223
132 224
132 229
133 138
133 141
133 143
133 146
133 147
133 149
133 150
133 154
133 155
133 158
133 160
133 166
133 168
133 169
133 175
133 178
133 180
133 181
133 184
133 188
133 189
133 194
133 195
133 196
133 199
133 201
133 202
133 206
133 207
133 211
133 215
133 216
133 217
133 218
133 221
133 222
133 226
133 227
134 135
134 138
134 140
134 141
134 142
134 144
134 150
134 153
134 154
134 156
134 157
134 159
134 162
134 163
134 167
134 168
134 171
134 172
134 173
134 174
134 178
134 179
134 181
134 185
134 186
134 191
134 193
134 194
134 196
134 200
134 204
134 205
134 206
134 211
134 212
134 216
134 220
134 221
134 225
134 228
135 137
135 140
135 141
135 145
135 147
135 149
135 150
135 152
135 153
135 154
135 157
135 158
135 159
135 162
135 166
135 168
135 169
135 170
135 172
135 173
135 175
135 176
135 177
135 178
135 181
135 184
135 185
135 188
135 190
135 193
135 197
135 198
135 200
135 204
135 209
135 211
135 212
135 213
135 214
135 216
135 217
135 218
135 219
135 220
135 221
135 226
135 228
136 138
136 141
136 142
136 143
136 145
136 146
136 151
136 153
136 156
136 157
136 158
136 159
136 161
136 162
136 163
136 167
136 168
136 170
136 173
136 175
136 177
136 180
136 181
136 184
136 187
136 190
136 191
136 192
136 193
136 194
136 199
136 200
136 201
136 203
136 209
136 210
136 211
136 213
136 216
136 217
136 218
136 222
136 223
136 229
137 138
137 139
137 141
137 145
137 148
137 151
137 154
137 155
137 157
137 158
137 163
137 171
137 173
137 175
137 176
137 180
137 187
137 188
137 192
137 194
137 196
137 197
137 202
137 206
137 213
137 214
137 215
137 216
137 218
137 221
137 222
138 143
138 146
138 147
138 151
138 154
138 155
138 156
138 159
138 160
138 161
138 163
138 168
138 171
138 173
138 174
138 175
138 177
138 178
138 179
138 180
138 182
138 183
138 186
138 190
138 196
138 197
138 200
138 201
138 202
138 204
138 205
138 207
138 211
138 214
138 215
138 216
138 218
138 219
138 220
138 225
138 227
138 229
139 140
139 144
139 149
139 155
139 156
139 157
139 159
139 163
139 165
139 166
139 167
139 173
139 175
139 178
139 179
139 180
139 182
139 185
139 187
139 189
139 191
139 200
139 204
139 205
139 207
139 209
139 210
139 212
139 214
139 217
139 218
139 219
139 221
139 222
139 225
139 229
140 141
140 143
140 147
140 148
140 149
140 151
140 155
140 159
140 162
140 166
140 167
140 168
140 169
140 171
140 172
140 177
140 179
140 181
140 182
140 187
140 196
140 197
140 198
140 202
140 203
140 204
140 205
140 206
140 207
140 210
140 211
140 213
140 214
140 215
140 216
140 217
140 218
140 219
140 220
140 223
140 224
140 225
140 226
141 143
141 148
141 149
141 150
141 151
141 153
141 154
141 155
141 160
141 161
141 162
141 164
141 166
141 167
141 168
141 170
141 174
141 175
141 176
141 178
141 183
141 184
141 186
141 187
141 189
141 190
141 192
141 199
141 200
141 201
141 205
141 207
141 208
141 210
141 213
141 214
141 218
141 220
141 221
141 222
141 223
141 227
141 228
141 229
142 143
142 144
142 149
142 150
142 152
142 153
142 156
142 157
142 166
142 168
142 170
142 172
142 176
142 180
142 183
142 184
142 186
142 188
142 189
142 190
142 192
142 193
142 194
142 196
142 198
142 199
142 200
142 201
142 206
142 207
142 208
142 210
142 211
142 212
142 215
142 216
142 217
142 218
142 219
142 222
142 223
142 224
142 225
142 227
142 228
142 229
143 146
143 148
143 149
143 156
143 158
143 159
143 163
143 164
143 165
143 167
143 168
143 170
143 171
143 174
143 176
143 177
143 179
143 182
143 188
143 189
143 190
143 194
143 195
143 196
143 197
143 198
143 202
143 204
143 205
143 206
143 208
143 211
143 212
143 215
143 222
143 224
143 226
143 227
143 228
144 151
144 152
144 159
144 160
144 161
144 164
144 167
144 169
144 170
144 171
144 175
144 176
144 178
144 179
144 181
144 183
144 184
144 185
144 188
144 189
144 190
144 191
144 193
144 198
144 199
144 200
144 204
144 205
144 206
144 208
144 211
144 212
144 214
144 215
144 220
144 221
144 226
144 228
145 146
145 148
145 149
145 150
145 153
145 159
145 161
145 162
145 163
145 166
145 170
145 171
145 172
145 173
145 174
145 179
145 180
145 181
145 183
145 185
145 186
145 187
145 189
145 190
145 192
145 194
145 195
145 196
145 197
145 199
145 200
145 201
145 203
145 204
145 205
145 206
145 208
145 210
145 216
145 217
145 219
145 222
145 224
145 225
145 227
146 147
146 148
146 151
146 153
146 154
146 155
146 156
146 158
146 161
146 162
146 167
146 173
146 175
146 176
146 178
146 179
146 181
146 182
146 183
146 184
146 188
146 190
146 192
146 195
146 201
146 203
146 206
146 208
146 210
146 211
146 219
146 221
146 223
146 224
146 228
146 229
147 148
147 153
147 156
147 157
147 158
147 159
147 162
147 163
147 164
147 165
147 168
147 169
147 170
147 172
147 173
147 175
147 176
147 177
147 178
147 181
147 182
147 184
147 190
147 193
147 196
147 200
147 205
147 212
147 216
147 220
147 224
147 225
147 226
147 229
148 151
148 153
148 155
148 156
148 157
148 162
148 166
148 167
148 169
148 172
148 175
148 177
148 179
148 181
148 184
148 185
148 186
148 188
148 190
148 193
148 194
148 195
148 196
148 198
148 199
148 200
148 203
148 206
148 208
148 210
148 214
148 215
148 217
148 220
148 221
148 222
148 223
148 224
148 226
148 227
148 228
149 151
149 153
149 156
149 158
149 159
149 161
149 167
149 170
149 172
149 174
149 177
149 178
149 181
149 182
149 184
149 188
149 189
149 190
149 194
149 195
149 199
149 201
149 203
149 204
149 205
149 206
149 208
149 211
149 212
149 214
149 218
149 223
149 224
149 226
149 227
149 229
150 151
150 152
150 153
150 154
150 156
150 158
150 161
150 163
150 164
150 181
150 182
150 183
150 184
150 185
150 187
150 189
150 192
150 193
150 194
150 199
150 200
150 202
150 206
150 207
150 212
150 216
150 226
150 227
150 229
151 153
151 154
151 155
151 156
151 157
151 162
151 166
151 167
151 168
151 169
151 170
151 171
151 174
151 178
151 183
151 184
151 185
151 190
151 192
151 193
151 194
151 197
151 198
151 199
151 201
151 205
151 206
151 208
151 210
151 214
151 215
151 223
151 224
151 226
151 229
152 153
152 154
152 155
152 156
152 157
152 160
152 161
152 163
152 180
152 184
152 186
152 188
152 193
152 196
152 197
152 199
152 201
152 205
152 209
152 211
152 218
152 225
152 226
152 227
152 228
153 154
153 155
153 157
153 159
153 165
153 168
153 169
153 171
153 172
153 178
153 179
153 181
153 183
153 184
153 185
153 186
153 187
153 188
153 189
153 190
153 191
153 193
153 194
153 195
153 198
153 200
153 201
153 204
153 205
153 206
153 208
153 210
153 212
153 213
153 216
153 217
153 218
153 222
153 224
153 226
153 228
154 156
154 157
154 158
154 161
154 163
154 169
154 170
154 171
154 175
154 179
154 184
154 185
154 189
154 194
154 198
154 199
154 200
154 207
154 209
154 210
154 212
154 213
154 214
154 217
154 218
154 219
154 221
154 223
154 227
155 157
155 158
155 159
155 160
155 162
155 163
155 165
155 166
155 167
155 170
155 172
155 173
155 174
155 178
155 180
155 181
155 183
155 184
155 190
155 193
155 194
155 198
155 199
155 200
155 201
155 202
155 203
155 205
155 206
155 209
155 213
155 215
155 216
155 217
155 218
155 219
155 222
155 223
155 224
155 225
155 226
155 227
156 158
156 159
156 162
156 164
156 168
156 170
156 174
156 176
156 177
156 178
156 180
156 181
156 182
156 183
156 184
156 186
156 192
156 194
156 199
156 200
156 204
156 207
156 211
156 212
156 213
156 214
156 222
156 223
156 224
156 225
156 229
157 158
157 159
157 160
157 162
157 163
157 167
157 169
157 173
157 176
157 178
157 179
157 180
157 182
157 185
157 191
157 194
157 197
157 198
157 199
157 200
157 202
157 206
157 209
157 210
157 211
157 212
157 213
157 215
157 219
157 221
157 222
157 223
157 224
157 225
157 226
158 159
158 161
158 162
158 164
158 165
158 166
158 167
158 168
158 169
158 171
158 173
158 175
158 178
158 181
158 184
158 185
158 187
158 188
158 193
158 195
158 196
158 197
158 198
158 199
158 200
158 201
158 202
158 206
158 207
158 208
158 209
158 211
158 215
158 218
158 219
158 220
159 160
159 161
159 163
159 164
159 166
159 175
159 177
159 179
159 181
159 183
159 186
159 188
159 193
159 195
159 196
159 201
159 202
159 204
159 207
159 208
159 211
159 212
159 213
159 214
159 215
159 216
159 217
159 220
159 222
159 223
160 163
160 167
160 168
160 169
160 171
160 173
160 175
160 176
160 178
160 182
160 183
160 185
160 188
160 189
160 190
160 191
160 194
160 199
160 203
160 205
160 206
160 208
160 211
160 212
160 215
160 216
160 220
160 221
160 222
161 163
161 164
161 165
161 168
161 174
161 177
161 178
161 181
161 186
161 187
161 188
161 191
161 192
161 193
161 194
161 195
161 197
161 202
161 203
161 204
161 205
161 206
161 207
161 208
161 212
161 214
161 216
161 219
161 221
161 224
161 228
161 229
162 168
162 170
162 171
162 174
162 180
162 181
162 182
162 186
162 188
162 197
162 201
162 202
162 204
162 206
162 208
162 209
162 211
162 212
162 214
162 215
162 217
162 218
162 221
162 223
162 225
162 226
162 227
162 229
163 164
163 167
163 169
163 170
163 171
163 173
163 174
163 181
163 182
163 185
163 187
163 188
163 191
163 192
163 194
163 197
163 198
163 199
163 201
163 202
163 204
163 206
163 208
163 210
163 211
163 213
163 217
163 218
163 220
163 222
163 224
163 228
163 229
164 165
164 166
164 171
164 172
164 173
164 175
164 176
164 177
164 178
164 183
164 185
164 186
164 187
164 188
164 191
164 196
164 197
164 200
164 201
164 202
164 205
164 206
164 207
164 209
164 210
164 216
164 217
164 220
164 221
164 223
164 224
164 225
164 226
164 228
165 166
165 168
165 174
165 175
165 177
165 179
165 186
165 188
165 190
165 191
165 196
165 200
165 202
165 204
165 207
165 208
165 210
165 213
165 214
165 216
165 222
165 224
165 225
166 170
166 171
166 172
166 174
166 175
166 177
166 183
166 184
166 185
166 186
166 187
166 188
166 190
166 191
166 193
166 195
166 196
166 197
166 198
166 199
166 200
166 202
166 203
166 204
166 205
166 206
166 207
166 209
166 211
166 213
166 214
166 218
166 220
166 222
166 227
167 171
167 172
167 175
167 180
167 184
167 186
167 187
167 188
167 192
167 193
167 194
167 201
167 205
167 207
167 211
167 212
167 214
167 216
167 219
167 221
167 226
167 229
168 171
168 172
168 173
168 175
168 176
168 181
168 182
168 183
168 184
168 185
168 188
168 189
168 190
168 193
168 194
168 197
168 198
168 199
168 202
168 204
168 205
168 207
168 208
168 209
168 211
168 212
168 213
168 214
168 216
168 217
168 218
168 219
168 221
168 223
168 224
169 170
169 171
169 172
169 176
169 178
169 186
169 187
169 192
169 194
169 197
169 198
169 199
169 200
169 201
169 202
169 205
169 207
169 208
169 214
169 218
169 220
169 221
169 226
169 228
170 175
170 177
170 179
170 180
170 181
170 182
170 183
170 184
170 186
170 192
170 193
170 197
170 198
170 199
170 200
170 201
170 209
170 212
170 214
170 216
170 218
170 227
170 229
171 173
171 174
171 175
171 176
171 177
171 178
171 180
171 181
171 183
171 185
171 186
171 189
171 190
171 191
171 192
171 193
171 197
171 198
171 202
171 203
171 207
171 209
171 210
171 212
171 215
171 217
171 218
171 219
171 221
171 222
171 223
172 174
172 179
172 180
172 185
172 189
172 190
172 191
172 192
172 193
172 197
172 204
172 205
172 206
172 207
172 210
172 213
172 214
172 215
172 216
172 217
172 218
172 220
172 222
172 225
172 227
173 177
173 178
173 179
173 181
173 183
173 185
173 187
173 188
173 189
173 192
173 194
173 195
173 198
173 199
173 203
173 205
173 209
173 211
173 214
173 222
173 223
173 224
173 225
173 228
173 229
174 176
174 177
174 178
174 179
174 183
174 186
174 187
174 190
174 192
174 193
174 194
174 198
174 200
174 205
174 206
174 207
174 210
174 211
174 213
174 214
174 216
174 222
174 223
175 177
175 184
175 185
175 186
175 190
175 192
175 199
175 200
175 201
175 203
175 204
175 206
175 207
175 212
175 213
175 214
175 218
175 219
175 228
175 229
176 181
176 182
176 183
176 186
176 188
176 189
176 191
176 192
176 196
176 198
176 200
176 204
176 205
176 206
176 209
176 211
176 216
176 218
176 220
176 221
176 222
176 227
176 229
177 181
177 182
177 184
177 186
177 187
177 193
177 201
177 203
177 207
177 208
177 211
177 213
177 214
177 219
177 225
177 227
177 228
177 229
178 182
178 183
178 186
178 189
178 191
178 192
178 193
178 197
178 201
178 206
178 208
178 210
178 211
178 214
178 215
178 217
178 218
178 220
178 222
178 225
178 226
178 227
179 184
179 185
179 186
179 190
179 191
179 192
179 195
179 197
179 199
179 205
179 211
179 214
179 218
179 222
180 181
180 184
180 186
180 187
180 188
180 189
180 190
180 191
180 192
180 193
180 196
180 199
180 200
180 201
180 202
180 203
180 205
180 206
180 209
180 210
180 212
180 213
180 215
180 217
180 218
180 219
180 223
180 224
181 182
181 184
181 185
181 187
181 188
181 189
181 190
181 193
181 196
181 197
181 198
181 202
181 203
181 205
181 211
181 218
181 223
181 224
181 225
181 227
181 228
181 229
182 184
182 185
182 186
182 189
182 192
182 194
182 195
182 196
182 197
182 198
182 199
182 200
182 205
182 206
182 207
182 209
182 210
182 214
182 215
182 220
182 221
182 226
182 227
182 228
182 229
183 184
183 185
183 189
183 190
183 195
183 198
183 200
183 203
183 206
183 207
183 210
183 211
183 216
183 217
183 219
183 223
183 224
183 226
184 185
184 186
184 188
184 202
184 208
184 209
184 211
184 212
184 213
184 214
184 215
184 216
184 217
184 225
184 226
184 228
185 186
185 187
185 188
185 189
185 193
185 196
185 198
185 199
185 201
185 206
185 208
185 210
185 214
185 218
185 221
185 225
185 229
186 191
186 192
186 193
186 194
186 196
186 198
186 199
186 201
186 207
186 208
186 214
186 215
186 219
186 223
186 224
186 226
186 229
187 188
187 189
187 190
187 191
187 192
187 194
187 195
187 196
187 198
187 201
187 203
187 206
187 208
187 211
187 212
187 213
187 215
187 217
187 219
187 221
187 225
188 191
188 192
188 195
188 196
188 197
188 202
188 203
188 205
188 209
188 211
188 215
188 217
188 218
188 219
188 221
188 224
188 228
189 190
189 193
189 194
189 197
189 204
189 205
189 210
189 212
189 214
189 215
189 220
189 221
189 223
189 225
189 226
189 228
190 191
190 197
190 199
190 200
190 202
190 204
190 205
190 206
190 207
190 212
190 215
190 216
190 221
190 223
190 224
190 225
190 226
190 228
191 193
191 194
191 198
191 203
191 206
191 207
191 210
191 213
191 214
191 215
191 217
191 220
191 224
191 228
192 193
192 202
192 203
192 204
192 207
192 209
192 211
192 212
192 214
192 217
192 220
192 227
192 229
193 195
193 197
193 199
193 201
193 203
193 205
193 207
193 210
193 213
193 216
193 217
193 221
193 223
193 225
194 195
194 196
194 197
194 200
194 201
194 202
194 203
194 205
194 206
194 209
194 210
194 213
194 214
194 218
194 221
194 222
194 223
194 226
194 227
195 201
195 202
195 203
195 206
195 207
195 208
195 211
195 212
195 216
195 217
195 218
195 221
195 225
195 226
195 229
196 198
196 200
196 202
196 205
196 206
196 208
196 209
196 210
196 211
196 212
196 214
196 217
196 220
196 223
196 224
197 201
197 203
197 204
197 205
197 206
197 207
197 210
197 212
197 213
197 215
197 217
197 218
197 223
198 199
198 201
198 202
198 203
198 204
198 205
198 207
198 210
198 212
198 213
198 214
198 218
198 219
198 223
198 226
199 203
199 205
199 206
199 209
199 212
199 215
199 216
199 217
199 221
199 222
199 226
199 227
199 228
200 202
200 204
200 205
200 206
200 208
200 211
200 212
200 214
200 217
200 218
200 219
200 220
201 202
201 203
201 207
201 212
201 213
201 215
201 218
201 223
202 205
202 207
202 209
202 210
202 214
202 220
202 221
202 225
202 228
202 229
203 204
203 205
203 206
203 207
203 214
203 215
203 216
203 228
204 207
204 214
204 216
204 218
204 221
204 223
204 224
204 226
204 229
205 208
205 215
205 218
205 219
205 220
205 221
205 224
205 227
205 228
206 207
206 209
206 210
206 211
206 212
206 214
206 220
206 222
206 223
206 224
206 225
206 226
206 227
206 229
207 208
207 209
207 210
207 211
207 212
207 214
207 215
207 216
207 217
207 218
207 220
207 221
207 222
207 228
208 213
208 215
208 218
208 219
208 220
208 221
208 222
208 225
208 227
208 228
209 210
209 211
209 217
209 219
209 224
209 226
209 227
209 229
210 212
210 215
210 216
210 217
210 218
210 223
210 224
210 225
210 226
210 227
210 229
211 213
211 217
211 218
211 222
211 225
211 226
211 228
211 229
212 214
212 217
212 218
212 219
212 223
212 224
212 225
212 227
212 228
213 214
213 215
213 217
213 219
213 220
213 226
214 216
214 220
214 221
214 224
214 229
215 217
215 219
215 222
215 223
215 224
215 228
216 217
216 218
216 219
216 220
216 225
216 228
217 219
217 224
217 225
218 219
218 220
218 224
218 228
218 229
219 220
219 222
219 223
219 226
219 227
219 228
220 221
220 222
220 224
220 225
220 226
221 224
221 226
221 227
221 229
222 228
223 228
224 226
225 226
226 227
226 228
