1 7
1 8
1 9
1 10
1 12
1 15
1 16
1 17
1 18
1 25
1 26
1 27
1 28
1 30
1 32
1 37
1 38
1 39
1 40
1 41
1 44
1 46
1 48
1 49
1 55
1 56
1 61
1 62
1 63
1 65
1 68
1 71
1 72
1 75
1 76
1 80
1 81
1 83
1 85
1 89
1 90
1 91
1 96
1 97
1 98
1 99
1 100
1 108
1 109
1 110
1 113
2 3
2 4
2 10
2 12
2 14
2 16
2 17
2 19
2 20
2 22
2 24
2 26
2 27
2 28
2 29
2 30
2 34
2 35
2 40
2 41
2 42
2 43
2 44
2 45
2 48
2 50
2 51
2 57
2 59
2 60
2 61
2 62
2 65
2 66
2 67
2 68
2 69
2 70
2 71
2 73
2 77
2 79
2 81
2 83
2 86
2 87
2 88
2 89
2 90
2 93
2 96
2 97
2 100
2 101
2 102
2 104
2 105
2 107
2 108
2 110
2 112
2 113
2 114
3 6
3 7
3 12
3 13
3 14
3 17
3 18
3 20
3 22
3 23
3 24
3 25
3 26
3 27
3 31
3 35
3 36
3 37
3 38
3 39
3 40
3 44
3 46
3 47
3 48
3 49
3 50
3 59
3 60
3 62
3 67
3 68
3 69
3 70
3 71
3 73
3 75
3 76
3 77
3 78
3 79
3 81
3 82
3 87
3 88
3 90
3 92
3 93
3 95
3 96
3 99
3 101
3 102
3 103
3 109
3 112
3 113
4 5
4 6
4 7
4 10
4 14
4 16
4 18
4 20
4 21
4 22
4 24
4 25
4 26
4 30
4 31
4 32
4 36
4 37
4 40
4 42
4 43
4 46
4 53
4 55
4 57
4 60
4 61
4 65
4 67
4 68
4 69
4 70
4 71
4 73
4 75
4 76
4 79
4 80
4 81
4 85
4 87
4 90
4 92
4 93
4 94
4 98
4 99
4 102
4 104
4 105
4 108
4 109
4 112
4 114
5 10
5 12
5 15
5 18
5 19
5 20
5 21
5 23
5 26
5 28
5 29
5 30
5 31
5 32
5 33
5 35
5 39
5 42
5 44
5 45
5 48
5 49
5 50
5 55
5 56
5 57
5 58
5 59
5 60
5 61
5 63
5 65
5 66
5 67
5 68
5 72
5 73
5 75
5 76
5 77
5 79
5 80
5 82
5 84
5 86
5 87
5 88
5 90
5 91
5 100
5 101
5 102
5 104
5 107
5 108
5 109
5 114
6 7
6 8
6 11
6 12
6 13
6 14
6 15
6 18
6 21
6 22
6 25
6 26
6 27
6 30
6 31
6 32
6 34
6 35
6 36
6 38
6 43
6 44
6 47
6 48
6 49
6 50
6 51
6 52
6 53
6 55
6 58
6 60
6 62
6 64
6 66
6 72
6 73
6 77
6 79
6 81
6 82
6 85
6 86
6 87
6 89
6 90
6 97
6 99
6 101
6 104
6 105
6 106
6 107
6 108
6 109
6 111
6 113
6 114
7 8
7 9
7 10
7 11
7 12
7 15
7 18
7 21
7 22
7 24
7 26
7 27
7 30
7 35
7 36
7 38
7 39
7 40
7 41
7 42
7 43
7 44
7 48
7 49
7 54
7 56
7 57
7 58
7 60
7 62
7 64
7 65
7 69
7 77
7 79
7 90
7 91
7 92
7 93
7 94
7 95
7 97
7 99
7 102
7 106
7 109
7 110
7 114
8 9
8 10
8 12
8 13
8 15
8 16
8 20
8 22
8 23
8 24
8 25
8 27
8 30
8 32
8 33
8 34
8 36
8 41
8 43
8 44
8 45
8 48
8 50
8 51
8 52
8 53
8 57
8 58
8 59
8 64
8 65
8 67
8 70
8 71
8 72
8 73
8 75
8 76
8 78
8 79
8 80
8 81
8 82
8 83
8 84
8 86
8 87
8 88
8 90
8 91
8 92
8 97
8 98
8 100
8 101
8 102
8 103
8 108
8 109
8 110
8 112
8 113
9 10
9 13
9 18
9 22
9 23
9 24
9 25
9 29
9 33
9 39
9 45
9 47
9 48
9 49
9 50
9 51
9 55
9 56
9 61
9 62
9 64
9 65
9 67
9 68
9 69
9 70
9 71
9 72
9 73
9 79
9 81
9 82
9 84
9 85
9 86
9 88
9 90
9 91
9 92
9 93
9 95
9 98
9 101
9 102
9 105
9 106
9 107
9 109
9 111
10 11
10 12
10 14
10 18
10 19
10 21
10 23
10 26
10 31
10 34
10 35
10 37
10 38
10 41
10 44
10 48
10 51
10 52
10 53
10 54
10 55
10 56
10 57
10 58
10 59
10 62
10 63
10 64
10 65
10 68
10 70
10 72
10 78
10 80
10 81
10 82
10 85
10 88
10 89
10 91
10 92
10 93
10 96
10 97
10 99
10 100
10 101
10 102
10 103
10 104
10 106
10 107
10 109
10 110
10 112
10 114
11 12
11 14
11 16
11 19
11 23
11 24
11 26
11 27
11 28
11 30
11 31
11 35
11 36
11 37
11 41
11 42
11 43
11 44
11 45
11 46
11 47
11 48
11 50
11 51
11 52
11 55
11 56
11 58
11 59
11 61
11 63
11 64
11 66
11 67
11 71
11 74
11 75
11 76
11 77
11 78
11 79
11 80
11 81
11 84
11 85
11 86
11 88
11 89
11 92
11 94
11 95
11 97
11 98
11 99
11 102
11 103
11 112
11 114
12 13
12 14
12 15
12 16
12 18
12 21
12 22
12 23
12 24
12 25
12 28
12 30
12 31
12 32
12 33
12 34
12 39
12 41
12 45
12 51
12 53
12 54
12 55
12 57
12 60
12 61
12 64
12 66
12 69
12 71
12 77
12 79
12 80
12 81
12 82
12 83
12 85
12 86
12 91
12 96
12 99
12 103
12 105
12 107
12 109
12 111
12 112
12 113
12 114
13 14
13 15
13 16
13 17
13 18
13 21
13 22
13 27
13 30
13 36
13 37
13 41
13 42
13 45
13 46
13 47
13 48
13 49
13 54
13 56
13 58
13 59
13 60
13 63
13 64
13 68
13 72
13 76
13 77
13 78
13 79
13 80
13 82
13 85
13 86
13 87
13 89
13 90
13 92
13 95
13 96
13 98
13 104
13 106
13 108
13 109
13 112
13 113
13 114
14 15
14 16
14 17
14 19
14 26
14 28
14 29
14 31
14 33
14 34
14 36
14 38
14 42
14 50
14 51
14 62
14 63
14 65
14 66
14 69
14 71
14 74
14 85
14 86
14 87
14 88
14 91
14 92
14 94
14 96
14 97
14 99
14 101
14 103
14 105
14 107
14 109
14 110
14 112
14 113
14 114
15 18
15 21
15 24
15 25
15 26
15 29
15 30
15 31
15 34
15 36
15 40
15 42
15 43
15 44
15 46
15 50
15 51
15 52
15 53
15 61
15 63
15 65
15 66
15 70
15 71
15 72
15 74
15 75
15 77
15 79
15 80
15 81
15 86
15 89
15 92
15 94
15 100
15 103
15 107
15 113
15 114
16 19
16 23
16 24
16 25
16 26
16 27
16 28
16 30
16 31
16 34
16 38
16 40
16 41
16 45
16 48
16 49
16 50
16 51
16 52
16 53
16 58
16 59
16 60
16 63
16 67
16 68
16 69
16 73
16 74
16 75
16 76
16 78
16 82
16 84
16 85
16 87
16 88
16 89
16 92
16 93
16 94
16 95
16 96
16 99
16 100
16 105
16 106
16 107
16 108
16 109
16 110
16 111
16 112
16 114
17 20
17 22
17 24
17 25
17 27
17 33
17 34
17 36
17 37
17 39
17 41
17 45
17 49
17 53
17 54
17 57
17 61
17 62
17 63
17 69
17 75
17 76
17 77
17 78
17 79
17 80
17 81
17 83
17 85
17 86
17 87
17 88
17 92
17 94
17 95
17 98
17 99
17 100
17 102
17 103
17 105
17 106
17 107
17 108
17 110
17 112
18 21
18 25
18 26
18 27
18 32
18 34
18 35
18 36
18 37
18 41
18 42
18 44
18 45
18 46
18 47
18 49
18 50
18 51
18 52
18 53
18 55
18 57
18 60
18 62
18 63
18 66
18 70
18 71
18 72
18 76
18 79
18 80
18 82
18 85
18 86
18 89
18 91
18 92
18 95
18 97
18 99
18 103
18 104
18 106
18 107
18 108
18 111
18 113
18 114
19 20
19 23
19 24
19 27
19 30
19 32
19 33
19 35
19 36
19 38
19 39
19 42
19 45
19 46
19 47
19 48
19 52
19 53
19 54
19 56
19 59
19 60
19 65
19 66
19 72
19 73
19 74
19 76
19 78
19 79
19 81
19 82
19 83
19 84
19 87
19 90
19 92
19 94
19 95
19 102
19 106
19 107
19 108
19 112
19 113
19 114
20 21
20 22
20 24
20 29
20 31
20 33
20 38
20 41
20 43
20 44
20 45
20 48
20 51
20 52
20 56
20 57
20 58
20 60
20 61
20 62
20 64
20 66
20 70
20 71
20 73
20 74
20 77
20 78
20 79
20 80
20 81
20 82
20 83
20 85
20 87
20 88
20 91
20 92
20 94
20 95
20 98
20 99
20 101
20 103
20 107
20 110
20 114
21 22
21 23
21 25
21 26
21 27
21 28
21 31
21 33
21 34
21 35
21 36
21 40
21 41
21 42
21 43
21 44
21 47
21 48
21 49
21 53
21 54
21 55
21 57
21 58
21 59
21 60
21 61
21 63
21 64
21 66
21 68
21 71
21 76
21 78
21 79
21 80
21 82
21 83
21 88
21 90
21 92
21 94
21 96
21 98
21 103
21 104
21 105
21 107
21 109
21 110
21 111
21 112
21 114
22 23
22 27
22 29
22 30
22 31
22 33
22 34
22 36
22 37
22 44
22 45
22 47
22 49
22 51
22 52
22 55
22 56
22 57
22 58
22 60
22 61
22 63
22 65
22 66
22 67
22 71
22 73
22 74
22 75
22 76
22 78
22 80
22 83
22 89
22 94
22 96
22 97
22 102
22 103
22 104
22 107
22 112
22 114
23 24
23 25
23 26
23 29
23 30
23 33
23 37
23 42
23 44
23 45
23 50
23 51
23 53
23 54
23 55
23 56
23 57
23 61
23 63
23 64
23 65
23 68
23 72
23 74
23 75
23 77
23 80
23 82
23 83
23 84
23 85
23 86
23 87
23 90
23 94
23 95
23 96
23 97
23 98
23 99
23 100
23 103
23 104
23 106
23 107
23 110
24 29
24 33
24 34
24 35
24 36
24 37
24 38
24 42
24 44
24 50
24 51
24 55
24 56
24 58
24 59
24 62
24 66
24 68
24 69
24 71
24 73
24 74
24 75
24 76
24 78
24 79
24 80
24 81
24 82
24 84
24 87
24 93
24 94
24 95
24 98
24 99
24 104
24 105
24 110
24 111
25 30
25 31
25 32
25 33
25 36
25 37
25 38
25 41
25 42
25 45
25 46
25 47
25 49
25 52
25 55
25 57
25 67
25 68
25 71
25 78
25 80
25 83
25 88
25 89
25 91
25 93
25 94
25 96
25 98
25 99
25 103
25 106
25 108
25 111
25 112
25 114
26 27
26 33
26 37
26 38
26 40
26 42
26 44
26 46
26 47
26 48
26 49
26 50
26 51
26 52
26 53
26 54
26 55
26 60
26 61
26 62
26 63
26 64
26 66
26 67
26 70
26 71
26 72
26 74
26 76
26 77
26 81
26 82
26 83
26 86
26 87
26 88
26 91
26 94
26 96
26 98
26 99
26 101
26 102
26 104
26 105
26 108
26 113
27 29
27 32
27 33
27 34
27 36
27 41
27 43
27 44
27 45
27 46
27 48
27 49
27 54
27 55
27 56
27 57
27 58
27 60
27 63
27 64
27 65
27 67
27 69
27 70
27 75
27 79
27 80
27 87
27 89
27 90
27 91
27 92
27 94
27 95
27 96
27 97
27 98
27 101
27 104
27 105
27 106
27 112
27 113
27 114
28 30
28 34
28 35
28 37
28 40
28 41
28 43
28 44
28 46
28 50
28 52
28 56
28 58
28 59
28 60
28 62
28 63
28 64
28 66
28 67
28 69
28 70
28 72
28 74
28 78
28 82
28 83
28 85
28 86
28 87
28 89
28 90
28 92
28 93
28 95
28 96
28 97
28 98
28 99
28 101
28 105
28 107
28 109
28 110
28 111
29 30
29 33
29 34
29 35
29 36
29 42
29 43
29 44
29 45
29 49
29 51
29 53
29 55
29 56
29 57
29 58
29 59
29 60
29 61
29 66
29 68
29 70
29 73
29 77
29 80
29 86
29 89
29 90
29 91
29 92
29 94
29 97
29 100
29 102
29 103
29 106
29 107
29 109
29 110
29 111
29 112
29 114
30 36
30 37
30 38
30 39
30 40
30 42
30 45
30 47
30 51
30 53
30 56
30 57
30 58
30 60
30 62
30 63
30 68
30 72
30 75
30 76
30 77
30 80
30 82
30 84
30 85
30 87
30 88
30 91
30 97
30 98
30 99
30 101
30 102
30 103
30 113
31 34
31 35
31 37
31 40
31 41
31 44
31 46
31 48
31 49
31 51
31 55
31 57
31 59
31 68
31 69
31 70
31 73
31 77
31 79
31 82
31 83
31 85
31 89
31 90
31 91
31 93
31 94
31 96
31 98
31 100
31 101
31 104
31 106
31 107
31 108
31 113
31 114
32 34
32 36
32 37
32 39
32 41
32 42
32 45
32 46
32 47
32 48
32 51
32 54
32 56
32 57
32 58
32 59
32 68
32 73
32 75
32 77
32 78
32 80
32 81
32 83
32 89
32 94
32 97
32 98
32 99
32 100
32 102
32 104
32 107
32 108
32 109
32 110
32 111
32 113
32 114
33 34
33 35
33 36
33 39
33 45
33 46
33 47
33 49
33 50
33 56
33 60
33 63
33 64
33 70
33 72
33 75
33 80
33 81
33 82
33 84
33 85
33 86
33 88
33 89
33 90
33 95
33 96
33 101
33 102
33 104
33 106
33 108
33 110
34 39
34 40
34 41
34 42
34 46
34 47
34 53
34 54
34 55
34 59
34 60
34 62
34 67
34 71
34 72
34 73
34 74
34 75
34 76
34 78
34 79
34 85
34 86
34 88
34 92
34 94
34 96
34 102
34 105
34 108
34 111
34 112
34 114
35 36
35 41
35 43
35 44
35 45
35 46
35 47
35 48
35 50
35 51
35 52
35 56
35 59
35 60
35 65
35 67
35 69
35 74
35 75
35 76
35 77
35 78
35 83
35 85
35 88
35 89
35 90
35 91
35 95
35 97
35 98
35 100
35 101
35 104
35 105
35 106
35 107
35 109
35 110
35 111
35 112
35 113
35 114
36 38
36 39
36 45
36 46
36 48
36 49
36 51
36 53
36 56
36 57
36 59
36 60
36 62
36 63
36 65
36 66
36 67
36 68
36 69
36 70
36 71
36 73
36 74
36 75
36 78
36 80
36 82
36 83
36 84
36 85
36 86
36 89
36 91
36 92
36 93
36 97
36 99
36 100
36 102
36 107
36 112
36 113
37 38
37 39
37 42
37 43
37 44
37 45
37 46
37 47
37 48
37 50
37 51
37 53
37 56
37 57
37 66
37 67
37 68
37 69
37 72
37 73
37 75
37 77
37 81
37 86
37 87
37 88
37 89
37 91
37 93
37 94
37 96
37 97
37 99
37 101
37 103
37 107
37 108
37 110
37 112
37 113
38 39
38 40
38 41
38 43
38 46
38 53
38 54
38 55
38 57
38 59
38 60
38 62
38 64
38 66
38 71
38 73
38 78
38 79
38 80
38 81
38 82
38 86
38 87
38 88
38 90
38 92
38 94
38 95
38 96
38 97
38 99
38 102
38 103
38 105
38 106
38 108
38 110
38 111
38 114
39 40
39 41
39 43
39 46
39 48
39 51
39 56
39 57
39 63
39 68
39 69
39 70
39 71
39 75
39 77
39 78
39 81
39 82
39 86
39 89
39 90
39 92
39 93
39 95
39 97
39 98
39 100
39 102
39 105
39 107
39 110
39 112
39 113
40 41
40 44
40 46
40 49
40 50
40 51
40 52
40 59
40 62
40 63
40 67
40 68
40 69
40 70
40 71
40 73
40 74
40 75
40 76
40 77
40 83
40 85
40 86
40 91
40 92
40 95
40 97
40 101
40 102
40 104
40 105
40 106
40 107
40 108
40 109
40 110
40 112
40 113
40 114
41 43
41 45
41 46
41 47
41 48
41 52
41 54
41 56
41 58
41 63
41 64
41 72
41 73
41 74
41 75
41 77
41 78
41 81
41 83
41 84
41 85
41 87
41 89
41 91
41 92
41 94
41 95
41 96
41 98
41 99
41 102
41 104
41 107
41 111
41 112
41 113
42 47
42 48
42 49
42 50
42 52
42 55
42 58
42 60
42 63
42 64
42 66
42 67
42 69
42 73
42 75
42 76
42 80
42 81
42 82
42 84
42 85
42 87
42 88
42 93
42 98
42 100
42 101
42 102
42 103
42 105
42 107
42 110
42 111
42 112
42 114
43 44
43 46
43 47
43 50
43 53
43 54
43 57
43 61
43 62
43 63
43 64
43 65
43 66
43 68
43 73
43 74
43 77
43 81
43 84
43 85
43 86
43 87
43 88
43 91
43 92
43 94
43 95
43 96
43 100
43 103
43 104
43 106
43 107
43 109
43 110
43 112
44 46
44 48
44 49
44 50
44 52
44 55
44 57
44 59
44 60
44 61
44 62
44 63
44 64
44 68
44 71
44 72
44 74
44 75
44 76
44 80
44 81
44 82
44 87
44 90
44 91
44 94
44 95
44 96
44 97
44 98
44 99
44 101
44 102
44 104
44 105
44 108
44 109
44 110
44 114
45 49
45 50
45 51
45 53
45 54
45 55
45 56
45 57
45 59
45 61
45 63
45 64
45 66
45 71
45 72
45 74
45 77
45 78
45 80
45 83
45 84
45 87
45 91
45 92
45 93
45 97
45 99
45 100
45 102
45 105
45 107
45 108
45 110
46 48
46 53
46 56
46 61
46 62
46 66
46 67
46 69
46 71
46 75
46 76
46 78
46 79
46 80
46 83
46 85
46 86
46 88
46 92
46 95
46 96
46 98
46 99
46 103
46 107
46 108
46 114
47 55
47 56
47 57
47 59
47 61
47 62
47 63
47 65
47 67
47 68
47 71
47 72
47 73
47 75
47 76
47 79
47 84
47 86
47 87
47 88
47 94
47 95
47 98
47 99
47 100
47 103
47 109
47 112
48 49
48 54
48 55
48 56
48 57
48 58
48 59
48 60
48 62
48 65
48 67
48 70
48 72
48 73
48 75
48 76
48 77
48 78
48 79
48 84
48 86
48 89
48 90
48 91
48 93
48 97
48 99
48 103
48 106
48 108
48 111
48 113
49 51
49 53
49 54
49 56
49 64
49 66
49 69
49 71
49 72
49 79
49 80
49 82
49 83
49 86
49 88
49 90
49 92
49 93
49 94
49 95
49 99
49 100
49 102
49 107
49 109
49 110
49 112
49 114
50 51
50 58
50 59
50 62
50 63
50 64
50 65
50 66
50 68
50 71
50 74
50 77
50 78
50 83
50 88
50 89
50 90
50 92
50 94
50 95
50 96
50 97
50 98
50 99
50 100
50 101
50 102
50 104
50 108
50 111
50 112
50 113
50 114
51 53
51 57
51 58
51 59
51 60
51 61
51 63
51 65
51 68
51 71
51 75
51 77
51 78
51 79
51 82
51 83
51 84
51 85
51 86
51 88
51 89
51 90
51 91
51 93
51 94
51 96
51 97
51 100
51 102
51 104
51 108
51 109
51 110
51 113
51 114
52 54
52 55
52 57
52 58
52 59
52 60
52 61
52 65
52 68
52 72
52 73
52 74
52 76
52 78
52 79
52 81
52 82
52 83
52 84
52 85
52 92
52 95
52 96
52 98
52 99
52 100
52 102
52 106
52 107
52 112
52 114
53 54
53 58
53 61
53 64
53 65
53 74
53 77
53 78
53 79
53 80
53 83
53 87
53 90
53 92
53 96
53 98
53 99
53 100
53 103
53 106
53 108
54 57
54 58
54 59
54 60
54 61
54 63
54 65
54 66
54 67
54 69
54 70
54 73
54 74
54 77
54 81
54 85
54 86
54 87
54 90
54 93
54 94
54 97
54 98
54 100
54 101
54 102
54 106
54 107
54 108
54 111
54 112
54 113
54 114
55 57
55 60
55 63
55 65
55 66
55 67
55 68
55 69
55 71
55 72
55 73
55 75
55 78
55 79
55 80
55 83
55 84
55 85
55 86
55 87
55 89
55 90
55 92
55 93
55 96
55 100
55 101
55 102
55 106
55 109
55 113
55 114
56 57
56 60
56 64
56 65
56 68
56 70
56 71
56 73
56 75
56 80
56 81
56 83
56 84
56 85
56 86
56 87
56 88
56 95
56 97
56 98
56 99
56 106
56 108
56 110
56 111
56 112
57 58
57 59
57 61
57 63
57 64
57 68
57 70
57 75
57 76
57 80
57 81
57 85
57 87
57 89
57 91
57 93
57 101
57 102
57 106
57 112
57 114
58 59
58 60
58 61
58 62
58 75
58 76
58 77
58 78
58 79
58 80
58 86
58 87
58 89
58 92
58 93
58 96
58 97
58 98
58 102
58 104
58 106
58 107
58 109
58 111
58 114
59 60
59 61
59 62
59 63
59 65
59 66
59 67
59 68
59 71
59 73
59 75
59 76
59 77
59 79
59 81
59 82
59 86
59 87
59 89
59 91
59 92
59 97
59 101
59 102
59 104
59 106
59 107
59 109
59 111
60 62
60 63
60 66
60 68
60 72
60 75
60 77
60 78
60 80
60 81
60 82
60 86
60 88
60 90
60 93
60 94
60 95
60 98
60 102
60 104
60 105
60 109
60 110
60 111
60 112
60 113
60 114
61 68
61 69
61 70
61 72
61 75
61 76
61 78
61 82
61 83
61 90
61 92
61 93
61 95
61 101
61 102
61 104
61 106
61 107
61 109
61 111
61 112
61 113
61 114
62 63
62 64
62 67
62 72
62 73
62 74
62 76
62 77
62 78
62 81
62 83
62 84
62 85
62 86
62 89
62 95
62 97
62 98
62 100
62 101
62 103
62 106
62 108
62 109
62 110
62 112
62 113
62 114
63 65
63 67
63 68
63 69
63 70
63 74
63 75
63 76
63 77
63 81
63 83
63 89
63 91
63 93
63 97
63 98
63 100
63 101
63 103
63 105
63 106
63 107
63 110
63 111
63 112
64 66
64 68
64 73
64 74
64 75
64 76
64 77
64 78
64 79
64 80
64 82
64 83
64 85
64 86
64 87
64 88
64 89
64 91
64 93
64 97
64 100
64 101
64 103
64 104
64 110
64 111
64 112
64 113
64 114
65 67
65 69
65 70
65 71
65 74
65 76
65 77
65 78
65 81
65 84
65 86
65 90
65 93
65 99
65 102
65 103
65 106
65 107
65 108
65 109
65 112
65 113
66 68
66 69
66 70
66 72
66 73
66 75
66 76
66 80
66 84
66 85
66 90
66 92
66 93
66 96
66 97
66 98
66 99
66 100
66 102
66 104
66 105
66 107
66 108
66 110
66 111
66 113
67 69
67 70
67 73
67 77
67 82
67 83
67 84
67 87
67 93
67 98
67 103
67 104
67 107
67 108
67 111
67 112
67 113
67 114
68 69
68 71
68 73
68 74
68 75
68 77
68 79
68 81
68 83
68 84
68 85
68 88
68 90
68 91
68 92
68 93
68 94
68 96
68 97
68 105
68 110
68 111
68 114
69 70
69 71
69 73
69 76
69 79
69 80
69 82
69 83
69 87
69 89
69 90
69 93
69 95
69 96
69 98
69 99
69 101
69 102
69 103
69 104
69 107
69 112
69 113
70 71
70 73
70 76
70 79
70 80
70 81
70 82
70 83
70 90
70 93
70 94
70 96
70 97
70 98
70 99
70 101
70 106
70 109
70 111
70 112
70 114
71 72
71 73
71 75
71 76
71 77
71 80
71 81
71 83
71 84
71 86
71 87
71 88
71 89
71 93
71 95
71 96
71 101
71 102
71 103
71 106
71 108
71 111
71 113
72 76
72 78
72 80
72 81
72 84
72 86
72 87
72 88
72 89
72 91
72 95
72 101
72 103
72 105
72 106
72 107
72 112
72 113
73 74
73 75
73 81
73 83
73 86
73 88
73 89
73 90
73 97
73 98
73 99
73 102
73 103
73 104
73 108
73 111
73 112
73 114
74 75
74 78
74 79
74 80
74 84
74 88
74 90
74 91
74 92
74 93
74 94
74 95
74 97
74 98
74 102
74 105
74 106
74 111
74 112
75 76
75 79
75 83
75 85
75 88
75 89
75 90
75 92
75 93
75 98
75 100
75 104
75 105
75 106
75 107
75 109
75 111
75 112
75 113
75 114
76 77
76 79
76 82
76 83
76 84
76 88
76 90
76 93
76 94
76 96
76 97
76 98
76 99
76 102
76 104
76 106
76 107
76 108
76 109
76 110
76 114
77 79
77 80
77 84
77 88
77 90
77 91
77 94
77 95
77 98
77 99
77 100
77 102
77 104
77 106
77 108
77 110
77 111
77 112
77 113
78 79
78 80
78 82
78 83
78 86
78 87
78 88
78 90
78 92
78 99
78 102
78 108
78 110
78 111
79 80
79 81
79 83
79 84
79 86
79 90
79 91
79 92
79 94
79 95
79 96
79 97
79 98
79 101
79 102
79 103
79 104
79 108
79 109
79 110
79 113
79 114
80 81
80 83
80 85
80 89
80 97
80 98
80 100
80 102
80 104
80 108
80 110
80 111
80 112
80 114
81 86
81 87
81 88
81 93
81 94
81 96
81 97
81 98
81 101
81 102
81 104
81 105
81 106
81 107
81 108
81 114
82 83
82 84
82 86
82 88
82 89
82 91
82 94
82 97
82 98
82 100
82 103
82 104
82 106
82 109
82 110
82 111
82 112
82 114
83 85
83 87
83 88
83 89
83 90
83 94
83 97
83 99
83 100
83 103
83 106
83 107
83 108
83 109
83 112
83 113
84 85
84 86
84 87
84 88
84 92
84 93
84 95
84 96
84 98
84 100
84 101
84 103
84 104
84 105
84 107
84 110
84 113
85 92
85 96
85 97
85 99
85 102
85 103
85 104
85 107
85 109
85 112
86 90
86 91
86 92
86 93
86 94
86 95
86 96
86 97
86 98
86 99
86 100
86 102
86 103
86 104
86 105
86 106
86 108
86 109
86 112
86 114
87 88
87 89
87 93
87 94
87 102
87 108
87 109
87 110
87 112
87 114
88 91
88 92
88 95
88 96
88 99
88 100
88 101
88 106
88 109
88 111
88 113
88 114
89 90
89 91
89 92
89 93
89 98
89 102
89 103
89 104
89 105
89 107
89 108
89 109
89 113
90 94
90 95
90 97
90 98
90 100
90 101
90 106
90 107
90 108
90 109
90 112
91 92
91 95
91 97
91 99
91 101
91 103
91 105
91 107
91 110
91 111
91 112
91 113
91 114
92 94
92 95
92 98
92 100
92 101
92 102
92 106
92 107
92 109
92 110
92 111
92 112
92 113
93 96
93 98
93 102
93 103
93 104
93 107
93 110
93 113
94 95
94 96
94 98
94 101
94 103
94 105
94 106
94 107
94 109
94 110
94 112
94 113
94 114
95 97
95 102
95 103
95 107
95 109
95 110
95 113
96 98
96 100
96 102
96 103
96 106
96 107
96 109
96 111
96 113
96 114
97 99
97 102
97 104
97 113
98 99
98 100
98 102
98 103
98 107
98 108
98 110
98 112
99 100
99 102
99 108
99 110
99 111
99 114
100 102
100 104
100 106
100 112
100 114
101 106
101 108
101 109
102 103
102 106
102 108
102 110
103 104
103 106
103 107
103 108
103 110
103 111
103 113
104 105
104 106
104 107
104 108
105 108
105 109
105 111
105 112
105 114
106 107
106 110
106 111
107 108
107 109
107 110
107 112
107 113
107 114
108 109
108 110
108 111
108 114
109 111
109 113
110 112
110 113
110 114
111 113
111 114
112 114
