1 16
1 30
1 60
1 64
1 74
1 114
1 127
1 138
1 170
1 172
1 202
1 232
1 284
1 290
1 301
2 4
2 18
2 21
2 43
2 51
2 57
2 59
2 66
2 83
2 121
2 145
2 147
2 150
2 153
2 169
2 174
2 186
2 206
2 235
2 250
2 253
2 261
2 264
3 21
3 33
3 57
3 60
3 82
3 87
3 91
3 138
3 142
3 159
3 163
3 187
3 190
3 218
3 248
3 255
3 280
4 50
4 80
4 104
4 113
4 160
4 170
4 185
4 198
4 223
4 230
4 238
4 243
4 244
4 245
4 253
4 256
4 299
5 20
5 30
5 46
5 49
5 104
5 155
5 195
5 197
5 209
5 210
5 224
5 259
5 267
5 284
5 288
5 297
5 302
6 7
6 8
6 20
6 26
6 40
6 48
6 67
6 84
6 86
6 147
6 158
6 200
6 246
6 252
6 271
6 274
6 289
7 38
7 77
7 83
7 100
7 101
7 107
7 116
7 155
7 174
7 186
7 196
7 200
7 201
7 202
7 224
7 253
7 274
7 284
7 289
7 290
7 301
7 305
7 306
8 36
8 37
8 45
8 62
8 63
8 97
8 101
8 117
8 164
8 169
8 183
8 187
8 189
8 232
8 251
8 292
8 304
8 308
9 14
9 23
9 41
9 62
9 91
9 113
9 120
9 148
9 168
9 179
9 190
9 191
9 193
9 234
9 241
9 243
9 251
9 264
9 265
9 279
9 283
9 289
9 306
10 22
10 32
10 63
10 79
10 83
10 97
10 159
10 217
10 241
10 244
10 258
10 266
10 273
10 296
10 308
11 27
11 29
11 34
11 36
11 47
11 64
11 71
11 73
11 75
11 91
11 100
11 121
11 127
11 131
11 149
11 150
11 151
11 159
11 168
11 181
11 198
11 208
11 246
11 260
11 308
11 309
12 33
12 37
12 53
12 62
12 64
12 75
12 128
12 144
12 191
12 196
12 218
12 223
12 242
12 245
12 262
12 271
12 272
13 14
13 18
13 55
13 74
13 107
13 110
13 119
13 128
13 152
13 153
13 168
13 206
13 230
13 237
13 243
13 248
13 255
13 273
13 284
13 301
13 306
14 27
14 30
14 40
14 55
14 80
14 89
14 90
14 108
14 111
14 112
14 164
14 170
14 177
14 197
14 202
14 214
14 227
14 247
15 45
15 59
15 71
15 90
15 100
15 135
15 139
15 143
15 161
15 164
15 174
15 190
15 196
15 221
15 242
15 252
15 268
15 303
15 305
15 309
16 31
16 61
16 84
16 149
16 161
16 173
16 183
16 200
16 201
16 212
16 226
16 237
16 241
16 243
16 290
17 18
17 20
17 58
17 87
17 103
17 120
17 146
17 147
17 148
17 166
17 173
17 176
17 204
17 222
17 230
17 249
17 268
17 278
18 59
18 60
18 67
18 81
18 102
18 146
18 168
18 197
18 200
18 268
18 283
18 299
18 309
19 32
19 57
19 72
19 75
19 83
19 88
19 117
19 118
19 149
19 192
19 201
19 205
19 235
19 245
19 252
19 280
19 294
20 26
20 43
20 56
20 79
20 116
20 123
20 135
20 141
20 197
20 204
20 228
20 245
20 260
20 265
21 22
21 34
21 70
21 97
21 126
21 154
21 173
21 180
21 198
21 208
21 216
21 219
21 220
21 239
21 251
21 264
22 24
22 45
22 48
22 63
22 67
22 116
22 139
22 149
22 155
22 209
22 213
22 221
22 235
22 252
22 271
22 276
22 297
22 307
23 28
23 30
23 66
23 74
23 88
23 91
23 99
23 107
23 110
23 135
23 158
23 161
23 162
23 211
23 212
23 220
23 249
23 271
23 287
24 45
24 70
24 77
24 90
24 110
24 133
24 156
24 175
24 187
24 190
24 196
24 210
24 252
24 286
24 287
24 299
25 28
25 33
25 56
25 85
25 96
25 104
25 105
25 106
25 108
25 121
25 151
25 155
25 156
25 170
25 179
25 218
25 230
25 241
25 246
25 248
25 257
25 259
25 263
25 292
25 301
26 30
26 112
26 131
26 133
26 164
26 165
26 170
26 179
26 191
26 200
26 207
26 211
26 218
26 230
26 231
26 249
26 257
26 258
26 290
26 293
27 30
27 78
27 80
27 88
27 166
27 234
27 268
27 284
27 293
27 298
28 34
28 42
28 53
28 55
28 67
28 79
28 95
28 96
28 101
28 109
28 127
28 135
28 167
28 178
28 191
28 285
28 288
28 296
29 78
29 135
29 156
29 159
29 174
29 192
29 194
29 201
29 208
29 215
29 218
29 229
29 239
29 244
29 252
29 264
29 266
29 286
30 32
30 40
30 66
30 72
30 76
30 110
30 132
30 160
30 162
30 163
30 174
30 185
30 189
30 202
30 215
30 219
30 236
30 256
30 263
30 300
31 105
31 114
31 129
31 151
31 167
31 169
31 178
31 201
31 225
31 232
31 237
31 258
31 265
31 273
31 288
31 295
32 38
32 55
32 72
32 85
32 89
32 99
32 111
32 132
32 137
32 156
32 162
32 165
32 174
32 189
32 197
32 213
32 237
32 250
33 59
33 68
33 76
33 93
33 136
33 148
33 169
33 171
33 180
33 181
33 186
33 216
33 217
33 281
34 43
34 71
34 76
34 81
34 101
34 107
34 116
34 125
34 136
34 176
34 259
34 283
34 286
34 307
35 38
35 47
35 48
35 78
35 85
35 138
35 146
35 153
35 169
35 175
35 193
35 214
35 216
35 230
35 284
36 41
36 69
36 74
36 108
36 109
36 113
36 115
36 116
36 148
36 153
36 159
36 162
36 173
36 179
36 185
36 196
36 229
36 231
36 289
36 301
37 66
37 124
37 130
37 132
37 137
37 152
37 157
37 170
37 188
37 206
37 212
37 216
37 220
37 249
37 252
37 304
37 306
38 39
38 45
38 73
38 74
38 99
38 105
38 106
38 113
38 117
38 124
38 129
38 151
38 154
38 178
38 194
38 198
38 200
38 207
38 214
39 42
39 106
39 125
39 137
39 185
39 211
39 216
39 231
39 245
39 256
39 294
40 59
40 109
40 116
40 129
40 132
40 136
40 143
40 161
40 174
40 202
40 208
40 212
40 223
40 254
40 255
40 264
40 301
41 55
41 60
41 64
41 79
41 100
41 105
41 109
41 123
41 136
41 146
41 148
41 154
41 164
41 173
41 176
41 197
41 202
41 203
41 207
41 211
41 216
41 245
41 258
41 279
41 297
41 303
42 62
42 68
42 89
42 91
42 93
42 122
42 126
42 127
42 162
42 164
42 177
42 219
42 248
42 263
42 264
42 265
43 57
43 62
43 64
43 66
43 87
43 130
43 133
43 151
43 152
43 224
43 228
43 238
43 250
43 260
43 304
44 51
44 56
44 64
44 84
44 95
44 99
44 102
44 106
44 107
44 116
44 119
44 146
44 166
44 176
44 189
44 204
44 213
44 214
44 255
44 276
44 284
44 297
45 50
45 55
45 57
45 91
45 94
45 99
45 129
45 144
45 149
45 159
45 199
45 217
45 223
45 228
45 244
45 256
45 257
45 264
45 285
46 62
46 75
46 90
46 104
46 124
46 130
46 144
46 159
46 202
46 262
46 275
46 278
46 289
46 301
47 56
47 58
47 80
47 103
47 141
47 152
47 155
47 193
47 201
47 214
47 235
47 238
47 250
47 283
48 97
48 102
48 119
48 141
48 142
48 154
48 188
48 192
48 235
48 236
48 298
49 60
49 65
49 66
49 74
49 94
49 98
49 105
49 127
49 161
49 193
49 210
49 265
49 278
49 287
49 305
50 63
50 80
50 119
50 149
50 153
50 159
50 166
50 167
50 170
50 173
50 194
50 213
50 215
50 221
50 235
50 241
50 246
50 247
50 256
50 272
50 293
50 298
51 64
51 83
51 85
51 88
51 135
51 159
51 178
51 202
51 214
51 219
51 231
51 260
51 265
51 291
51 293
51 308
52 77
52 79
52 111
52 114
52 142
52 148
52 153
52 167
52 169
52 185
52 193
52 206
52 219
52 234
52 238
52 241
52 246
52 258
52 263
52 265
52 289
52 302
52 305
53 54
53 103
53 122
53 150
53 174
53 214
53 256
53 261
53 271
53 280
54 58
54 76
54 79
54 80
54 89
54 123
54 133
54 138
54 139
54 151
54 174
54 185
54 198
54 210
54 212
54 216
54 235
54 291
54 292
54 294
54 305
55 56
55 78
55 95
55 114
55 116
55 119
55 120
55 156
55 160
55 163
55 178
55 182
55 190
55 193
55 211
55 252
55 262
55 290
55 308
55 309
56 74
56 85
56 88
56 89
56 147
56 154
56 173
56 210
56 223
56 224
56 238
56 244
56 250
56 251
56 265
56 299
57 65
57 67
57 117
57 118
57 122
57 127
57 156
57 166
57 167
57 177
57 193
57 231
57 241
57 282
58 63
58 69
58 78
58 81
58 86
58 90
58 114
58 127
58 144
58 156
58 163
58 166
58 181
58 208
58 223
58 242
58 259
58 262
58 276
58 298
58 301
58 305
59 60
59 77
59 105
59 112
59 119
59 124
59 129
59 152
59 158
59 161
59 169
59 170
59 179
59 181
59 202
59 219
59 239
59 257
59 259
59 277
59 291
60 69
60 70
60 98
60 116
60 124
60 130
60 135
60 143
60 162
60 181
60 184
60 192
60 200
60 221
60 229
60 249
60 254
60 266
60 269
60 283
60 309
61 67
61 77
61 81
61 83
61 109
61 143
61 175
61 181
61 188
61 195
61 245
61 265
61 294
61 305
62 83
62 92
62 93
62 104
62 105
62 114
62 132
62 141
62 150
62 157
62 170
62 191
62 192
62 196
62 197
62 218
62 228
62 234
62 266
62 268
62 295
63 79
63 92
63 109
63 127
63 132
63 157
63 170
63 180
63 243
63 258
63 303
63 307
64 66
64 71
64 96
64 106
64 127
64 136
64 182
64 188
64 189
64 196
64 205
64 207
64 215
64 249
64 251
64 258
64 270
64 292
65 86
65 121
65 136
65 145
65 155
65 179
65 204
65 215
65 229
65 232
65 241
65 250
65 254
65 267
65 268
66 109
66 120
66 151
66 160
66 177
66 185
66 227
66 236
66 239
66 252
66 277
66 285
66 308
67 71
67 76
67 116
67 118
67 120
67 123
67 141
67 190
67 226
67 232
67 265
67 269
67 299
67 303
68 91
68 100
68 104
68 108
68 122
68 147
68 149
68 215
68 228
68 243
68 252
68 262
69 84
69 94
69 120
69 124
69 126
69 128
69 130
69 132
69 160
69 174
69 185
69 187
69 192
69 196
69 202
69 212
69 219
69 228
69 251
69 289
69 307
70 78
70 99
70 116
70 145
70 149
70 150
70 153
70 159
70 167
70 224
70 231
70 238
70 244
70 257
70 262
70 284
70 285
71 77
71 101
71 111
71 112
71 117
71 126
71 127
71 128
71 139
71 149
71 157
71 170
71 174
71 187
71 189
71 190
71 191
71 212
71 233
71 236
71 271
71 274
71 278
71 292
71 303
72 73
72 91
72 97
72 103
72 142
72 146
72 177
72 215
72 263
72 266
72 293
72 303
73 84
73 98
73 144
73 152
73 173
73 186
73 203
73 220
73 225
73 259
73 261
73 280
73 288
73 299
74 85
74 95
74 103
74 105
74 106
74 110
74 130
74 152
74 153
74 180
74 221
74 268
74 272
74 305
74 307
75 95
75 114
75 116
75 142
75 146
75 159
75 164
75 165
75 166
75 176
75 180
75 238
75 248
75 252
75 265
75 278
75 294
76 79
76 129
76 177
76 200
76 215
76 231
76 236
76 260
76 276
77 131
77 153
77 163
77 173
77 175
77 180
77 182
77 211
77 240
77 244
77 252
77 258
78 88
78 117
78 143
78 197
78 199
78 206
78 208
78 216
78 256
78 263
78 274
78 279
78 280
78 284
78 303
78 307
79 82
79 108
79 124
79 170
79 193
79 198
79 210
79 215
79 223
79 226
79 233
79 242
79 246
79 256
79 284
79 294
79 309
80 93
80 144
80 179
80 205
80 248
80 266
80 269
80 271
80 280
80 286
80 287
80 293
80 298
81 154
81 166
81 193
81 212
81 215
81 220
81 229
81 239
81 262
81 268
81 282
82 86
82 142
82 148
82 152
82 163
82 171
82 199
82 215
82 224
82 249
82 259
82 290
82 299
83 107
83 119
83 143
83 145
83 175
83 177
83 194
83 225
83 226
83 234
83 239
83 280
83 302
83 306
84 90
84 91
84 92
84 99
84 128
84 137
84 141
84 185
84 193
84 202
84 222
84 224
84 231
84 232
84 233
84 235
84 247
84 259
84 269
84 272
84 275
84 279
84 288
84 297
85 91
85 104
85 124
85 128
85 148
85 160
85 167
85 174
85 194
85 203
85 208
85 211
85 212
85 224
85 232
85 268
85 270
85 294
86 92
86 99
86 100
86 166
86 177
86 187
86 232
86 237
86 264
87 95
87 103
87 145
87 157
87 171
87 186
87 230
87 281
87 293
88 94
88 113
88 130
88 133
88 136
88 144
88 161
88 166
88 173
88 197
88 206
88 260
88 266
88 275
88 277
88 290
88 291
88 298
89 92
89 96
89 101
89 113
89 140
89 166
89 167
89 168
89 202
89 207
89 216
89 218
89 246
89 284
89 294
89 307
90 100
90 127
90 155
90 170
90 178
90 179
90 184
90 189
90 220
90 228
90 246
90 251
90 256
90 268
90 275
91 100
91 110
91 112
91 127
91 149
91 164
91 172
91 182
91 204
91 215
91 220
91 224
91 226
91 227
91 230
91 240
91 270
91 277
91 278
91 306
92 120
92 128
92 141
92 175
92 198
92 201
92 203
92 246
92 254
92 255
92 267
92 273
92 290
92 304
93 94
93 112
93 153
93 162
93 194
93 199
93 205
93 229
93 293
94 125
94 129
94 131
94 132
94 142
94 168
94 186
94 188
94 194
94 198
94 224
94 236
94 270
94 290
94 292
94 294
95 122
95 150
95 223
95 224
95 232
95 282
95 296
96 141
96 155
96 187
96 209
96 212
96 223
96 237
96 244
96 246
96 281
96 285
96 292
96 297
97 114
97 132
97 141
97 153
97 184
97 202
97 230
97 261
97 265
97 273
97 293
97 307
98 109
98 151
98 156
98 217
98 222
98 225
98 227
98 247
98 252
98 260
98 266
98 286
98 300
99 109
99 133
99 153
99 165
99 222
99 241
99 247
99 263
99 268
99 275
99 277
100 103
100 143
100 154
100 160
100 175
100 212
100 241
100 265
100 283
100 299
101 106
101 126
101 140
101 158
101 165
101 167
101 211
101 247
101 271
101 305
101 309
102 112
102 119
102 164
102 167
102 175
102 188
102 200
102 211
102 240
102 268
102 270
102 272
102 297
102 300
102 306
103 104
103 107
103 122
103 172
103 205
103 224
103 261
103 266
103 295
104 128
104 142
104 170
104 214
104 223
104 247
104 250
104 264
104 266
104 276
104 286
104 298
105 118
105 129
105 130
105 149
105 165
105 176
105 195
105 213
105 222
105 224
105 228
105 244
105 289
105 297
106 111
106 116
106 122
106 127
106 129
106 152
106 210
106 226
106 233
106 236
106 272
106 273
106 297
107 108
107 123
107 126
107 158
107 191
107 235
107 244
107 286
107 308
108 131
108 161
108 162
108 211
108 224
108 245
108 256
108 286
108 296
108 309
109 114
109 144
109 179
109 214
109 220
109 226
109 248
109 308
110 131
110 163
110 176
110 192
110 200
110 252
110 281
110 291
110 296
110 309
111 114
111 124
111 140
111 158
111 160
111 175
111 179
111 286
111 302
111 307
112 145
112 146
112 180
112 196
112 238
112 240
112 245
112 274
112 300
112 307
113 119
113 153
113 168
113 172
113 175
113 178
113 182
113 188
113 248
113 287
113 288
113 308
114 135
114 140
114 142
114 146
114 180
114 189
114 206
114 230
114 253
114 286
114 294
114 296
114 303
115 116
115 123
115 124
115 126
115 128
115 135
115 139
115 159
115 199
115 213
115 264
115 271
115 276
115 279
115 291
115 299
115 301
115 307
116 128
116 166
116 180
116 195
116 205
116 225
116 246
116 255
116 278
116 294
116 305
117 138
117 149
117 168
117 177
117 188
117 191
117 214
117 232
117 240
117 243
117 259
117 270
118 125
118 183
118 266
118 290
118 294
119 158
119 165
119 195
119 218
119 222
119 223
119 260
119 278
119 296
120 135
120 152
120 162
120 164
120 223
120 228
120 230
120 247
120 248
120 257
120 286
120 300
121 124
121 128
121 129
121 131
121 142
121 160
121 177
121 195
121 203
121 206
121 225
121 245
121 280
121 289
122 138
122 147
122 151
122 174
122 177
122 184
122 208
122 247
122 267
122 280
122 296
123 157
123 160
123 185
123 192
123 195
123 198
123 200
123 225
123 266
123 279
123 289
123 304
123 307
124 127
124 128
124 152
124 175
124 177
124 219
124 231
124 234
124 235
124 249
124 270
124 278
124 289
124 302
125 134
125 168
125 176
125 208
125 221
125 253
125 297
125 305
126 158
126 171
126 192
126 208
126 215
126 221
126 225
126 234
126 235
126 254
126 255
126 259
126 274
126 296
127 154
127 188
127 189
127 191
127 278
127 301
128 155
128 180
128 184
128 200
128 213
128 286
129 150
129 162
129 168
129 178
129 210
129 221
129 255
129 307
130 147
130 152
130 173
130 201
130 220
130 237
130 256
130 260
130 287
131 144
131 161
131 184
131 187
131 194
131 202
131 208
131 214
131 234
131 244
131 247
131 309
132 161
132 169
132 174
132 184
132 202
132 215
132 252
132 298
133 144
133 149
133 186
133 196
133 206
133 214
133 216
133 242
133 266
133 269
133 283
133 297
134 137
134 160
134 181
134 222
134 227
134 294
134 300
135 169
135 173
135 180
135 196
135 204
135 231
135 249
135 250
135 257
135 261
135 264
135 266
135 268
135 273
135 281
136 146
136 150
136 151
136 153
136 158
136 177
136 224
136 230
136 242
136 263
136 271
136 294
136 296
136 302
137 154
137 157
137 166
137 199
137 202
137 211
137 222
137 228
137 235
137 281
137 286
137 287
137 296
138 140
138 141
138 154
138 158
138 183
138 218
138 230
138 234
138 235
138 242
138 253
138 266
138 295
138 298
139 157
139 165
139 184
139 186
139 201
139 217
139 232
139 254
139 284
140 142
140 148
140 152
140 155
140 186
140 227
140 244
140 282
140 286
140 290
140 299
140 300
140 305
141 143
141 163
141 170
141 172
141 177
141 184
141 205
141 216
141 226
141 245
141 246
141 260
141 274
141 294
142 181
142 183
142 186
142 206
142 211
142 220
142 264
142 280
142 301
143 182
143 188
143 196
143 209
143 222
143 258
143 260
143 268
143 272
143 276
143 284
143 291
143 296
144 159
144 161
144 196
144 233
144 241
144 253
144 254
144 299
144 307
145 159
145 173
145 237
145 282
145 307
146 147
146 157
146 164
146 188
146 197
146 216
146 245
146 248
146 249
146 265
146 267
146 268
146 270
146 275
146 297
147 213
147 227
147 271
147 273
147 287
147 307
148 165
148 194
148 196
148 198
148 204
148 237
148 239
148 241
148 252
148 264
148 276
149 163
149 175
149 239
149 243
149 247
149 262
149 276
149 295
149 300
149 308
149 309
150 161
150 165
150 192
150 199
150 214
150 240
150 243
150 264
150 266
150 287
150 289
150 309
151 154
151 161
151 169
151 179
151 202
151 204
151 265
151 269
152 191
152 203
152 207
152 220
152 222
152 260
152 271
152 284
152 285
152 299
153 167
153 199
153 228
153 238
153 244
153 245
153 249
153 295
153 299
153 301
153 302
154 162
154 163
154 174
154 205
154 249
154 256
154 261
154 284
154 303
155 242
155 270
155 301
156 167
156 201
156 259
156 290
157 164
157 169
157 187
157 192
157 207
157 219
157 244
157 266
157 304
158 177
158 181
158 182
158 194
158 196
158 205
158 223
158 224
158 246
158 258
158 263
158 272
158 278
159 187
159 199
159 201
159 215
159 221
159 231
159 232
159 254
159 259
159 267
159 270
159 291
160 161
160 162
160 176
160 180
160 204
160 217
160 238
160 253
160 257
160 269
161 162
161 168
161 189
161 194
161 211
161 235
161 241
161 279
161 284
161 294
162 189
162 200
162 211
162 212
162 213
162 225
162 226
162 241
162 247
162 250
162 252
162 278
162 289
162 295
163 174
163 178
163 190
163 231
163 244
163 249
163 258
163 305
163 308
164 168
164 170
164 185
164 192
164 202
164 233
164 241
164 256
164 268
164 269
164 277
164 279
164 288
164 295
165 241
165 254
165 269
165 283
166 191
166 192
166 212
166 232
166 243
166 250
166 260
166 276
166 281
166 282
166 309
167 187
167 199
167 219
167 232
167 240
167 248
167 257
167 264
168 181
168 187
168 206
168 213
168 250
168 257
168 288
169 175
169 191
169 225
169 273
169 280
169 288
170 178
170 182
170 186
170 190
170 231
170 304
171 197
171 200
171 203
171 213
171 221
171 273
171 278
171 281
171 286
171 299
172 182
172 185
172 190
172 230
172 231
172 246
172 284
173 187
173 212
173 237
173 257
173 260
173 276
173 295
174 186
174 194
174 198
174 213
174 217
174 218
174 255
174 259
174 261
174 263
174 281
174 290
174 294
174 303
175 185
175 204
175 209
175 222
175 245
175 262
175 269
175 285
175 290
176 224
176 252
176 260
176 265
176 273
176 278
176 292
176 304
177 178
177 183
177 200
177 210
177 213
177 215
177 218
177 224
177 248
177 261
177 289
178 200
178 225
178 238
178 249
178 258
178 276
178 298
178 299
179 219
179 224
179 237
179 259
179 266
179 276
179 286
179 298
180 186
180 240
180 272
181 189
181 216
181 243
181 275
181 282
181 286
182 187
182 196
182 256
182 283
183 218
183 222
183 240
183 255
183 275
183 285
184 186
184 188
184 224
184 246
184 277
184 306
185 240
185 257
185 267
185 302
185 308
186 199
186 250
186 265
186 298
186 305
187 195
187 215
187 231
187 240
187 241
187 246
187 252
187 257
188 205
188 210
188 213
188 236
188 237
188 255
188 259
188 266
188 276
188 304
189 195
189 205
189 208
189 224
189 254
189 268
189 285
189 292
189 293
189 302
190 195
190 214
190 252
190 285
190 289
191 223
191 224
191 239
191 255
191 268
191 277
191 285
192 203
192 209
192 211
192 230
192 233
192 254
192 278
193 203
193 224
193 252
193 262
193 272
193 276
193 308
194 216
194 224
194 243
194 252
194 258
194 266
194 287
194 288
194 301
195 212
195 219
195 236
195 258
195 294
196 197
196 222
196 246
196 276
196 285
196 293
197 201
197 205
197 244
197 270
197 274
197 289
197 303
197 305
197 306
197 308
198 200
198 219
198 301
199 237
199 253
199 278
199 289
199 295
200 204
200 245
200 270
200 284
200 287
200 292
200 303
201 239
201 260
201 262
201 280
201 294
202 260
202 272
202 278
202 297
203 211
203 214
203 246
203 247
203 282
204 213
204 257
204 271
204 273
204 284
205 224
205 229
205 265
205 282
205 296
206 234
206 246
206 248
206 251
206 257
206 270
206 281
206 301
206 305
207 215
207 261
207 277
208 218
208 266
208 268
208 284
208 292
208 306
209 235
209 257
209 281
209 292
209 301
209 304
210 218
210 233
210 237
210 241
210 262
210 266
210 286
210 297
210 298
210 307
211 212
211 213
211 232
211 233
211 243
211 265
211 270
211 276
211 285
211 286
211 300
212 222
212 233
212 242
212 271
212 275
212 304
213 220
213 224
213 272
213 273
213 275
213 280
213 300
213 305
213 309
214 218
214 231
214 237
214 243
214 252
214 256
214 262
214 290
215 222
215 296
215 300
215 307
216 233
216 237
216 271
216 272
216 288
216 294
216 302
217 261
217 288
218 222
218 223
218 227
218 236
218 247
218 260
218 275
218 279
218 281
218 286
218 297
219 242
219 272
219 299
220 246
220 249
220 251
220 270
220 294
221 240
221 242
221 252
221 291
221 306
222 230
222 233
222 282
222 286
223 227
223 259
223 267
223 279
223 280
223 281
223 297
224 235
224 247
224 248
224 285
224 291
225 266
225 268
225 269
225 275
225 290
225 302
226 229
226 230
226 254
226 255
226 266
226 283
226 285
226 293
227 250
227 257
227 309
228 245
228 246
228 306
228 309
229 237
229 266
229 269
229 295
229 300
229 301
230 237
230 238
230 284
231 240
231 265
231 266
231 282
231 285
231 289
231 300
231 301
232 243
232 259
232 272
232 293
233 244
233 258
233 263
233 284
233 290
233 292
233 296
233 300
234 242
234 250
234 259
234 276
235 256
235 269
235 271
235 272
235 286
235 304
236 250
236 292
236 297
237 245
237 256
237 282
237 296
237 298
237 307
238 243
238 251
238 262
238 264
238 287
238 291
238 298
239 244
239 254
239 266
239 287
239 298
239 301
239 308
240 255
240 297
241 304
242 247
242 251
242 252
242 257
242 263
242 300
242 301
243 253
243 262
243 306
244 257
244 276
244 278
244 291
244 292
244 300
244 301
245 288
245 304
246 262
246 291
246 293
246 306
247 249
247 255
247 265
247 282
247 298
247 300
248 250
248 255
248 269
248 290
248 302
249 250
249 261
249 271
249 277
250 262
250 272
250 277
251 255
251 274
251 286
251 293
251 295
251 298
251 305
251 306
252 254
252 284
252 296
252 298
252 300
252 303
252 305
253 300
254 259
254 260
254 272
254 295
254 300
254 302
255 265
255 275
255 281
256 308
257 270
257 298
258 262
258 267
258 274
258 276
258 278
258 303
258 305
259 262
259 305
260 268
260 296
260 302
260 303
261 285
261 286
261 291
261 300
262 270
262 276
262 277
262 280
262 302
263 275
264 309
265 275
265 277
265 280
265 284
266 269
266 275
266 297
266 299
267 274
267 282
267 283
267 291
267 301
268 273
268 282
268 297
269 280
269 303
269 309
270 273
270 277
270 285
270 287
270 293
270 297
270 307
271 276
271 291
271 293
272 296
272 302
273 280
273 286
273 291
273 307
274 291
274 296
275 288
276 309
277 280
279 300
280 289
281 283
281 305
282 305
284 294
285 289
285 295
286 293
286 305
288 302
288 308
290 291
290 307
291 298
291 304
292 297
292 302
292 307
294 299
295 299
295 303
297 299
297 302
299 302
300 304
305 308
306 309
