1 3
1 6
1 8
1 10
1 12
1 18
1 20
1 22
1 26
1 31
1 35
1 36
1 38
1 40
1 43
1 45
1 47
1 49
1 50
1 52
1 53
1 54
1 55
1 58
1 59
1 65
1 66
1 68
1 71
1 72
1 73
2 3
2 4
2 6
2 8
2 9
2 12
2 16
2 19
2 20
2 21
2 22
2 24
2 25
2 29
2 31
2 33
2 34
2 39
2 40
2 41
2 43
2 44
2 47
2 48
2 50
2 52
2 56
2 59
2 62
2 64
2 66
2 67
2 68
2 69
2 70
2 73
2 74
2 75
2 76
2 77
3 12
3 14
3 16
3 18
3 19
3 20
3 24
3 25
3 26
3 28
3 34
3 36
3 37
3 38
3 39
3 41
3 42
3 48
3 49
3 50
3 52
3 55
3 58
3 62
3 68
3 69
3 70
3 71
3 76
4 6
4 8
4 10
4 11
4 12
4 13
4 14
4 15
4 20
4 22
4 29
4 30
4 32
4 37
4 38
4 43
4 45
4 46
4 48
4 49
4 50
4 51
4 54
4 55
4 56
4 59
4 61
4 63
4 64
4 65
4 66
4 69
4 71
4 76
4 77
5 7
5 11
5 12
5 13
5 14
5 16
5 18
5 20
5 22
5 24
5 29
5 31
5 32
5 33
5 34
5 35
5 38
5 39
5 40
5 41
5 42
5 45
5 46
5 47
5 48
5 51
5 55
5 58
5 60
5 64
5 66
5 67
5 68
5 69
5 73
5 75
5 76
5 77
6 7
6 9
6 10
6 11
6 15
6 16
6 18
6 24
6 25
6 26
6 28
6 30
6 33
6 36
6 37
6 38
6 39
6 41
6 42
6 43
6 45
6 48
6 50
6 52
6 53
6 55
6 58
6 59
6 62
6 63
6 66
6 68
6 71
6 73
6 74
6 76
7 11
7 13
7 14
7 15
7 16
7 19
7 20
7 22
7 25
7 26
7 29
7 30
7 31
7 40
7 41
7 43
7 44
7 45
7 54
7 56
7 59
7 60
7 63
7 64
7 68
7 69
7 74
7 76
8 11
8 12
8 13
8 17
8 18
8 19
8 22
8 24
8 27
8 28
8 29
8 31
8 32
8 33
8 35
8 37
8 40
8 41
8 44
8 47
8 50
8 51
8 52
8 53
8 54
8 59
8 61
8 63
8 64
8 66
8 69
8 70
8 73
8 74
8 77
9 10
9 11
9 13
9 14
9 15
9 17
9 20
9 22
9 23
9 25
9 26
9 27
9 29
9 34
9 35
9 38
9 43
9 46
9 47
9 48
9 50
9 53
9 54
9 55
9 56
9 60
9 63
9 64
9 66
9 67
9 70
9 75
9 77
10 11
10 13
10 15
10 16
10 17
10 19
10 24
10 25
10 28
10 30
10 34
10 35
10 37
10 41
10 42
10 43
10 44
10 49
10 50
10 51
10 54
10 56
10 57
10 58
10 59
10 63
10 65
10 66
10 67
10 69
10 71
10 74
11 15
11 17
11 21
11 23
11 25
11 26
11 29
11 30
11 32
11 36
11 37
11 38
11 40
11 43
11 46
11 47
11 51
11 54
11 57
11 58
11 59
11 65
11 67
11 68
11 69
11 71
11 75
11 76
12 14
12 16
12 17
12 22
12 23
12 28
12 30
12 32
12 33
12 38
12 40
12 41
12 42
12 43
12 45
12 47
12 49
12 51
12 52
12 53
12 55
12 58
12 61
12 62
12 63
12 67
12 69
12 70
12 71
12 73
12 74
12 77
13 14
13 20
13 21
13 24
13 28
13 30
13 32
13 33
13 34
13 35
13 36
13 39
13 40
13 43
13 45
13 46
13 48
13 49
13 54
13 57
13 60
13 61
13 62
13 63
13 65
13 66
13 71
13 72
13 74
14 15
14 18
14 26
14 27
14 29
14 31
14 34
14 35
14 36
14 41
14 42
14 43
14 47
14 48
14 51
14 55
14 56
14 59
14 62
14 66
14 67
14 69
14 74
14 75
15 16
15 18
15 19
15 24
15 25
15 27
15 28
15 29
15 30
15 31
15 32
15 33
15 34
15 36
15 37
15 39
15 40
15 41
15 43
15 44
15 45
15 47
15 53
15 54
15 56
15 57
15 58
15 59
15 60
15 67
15 69
15 71
15 73
15 77
16 19
16 21
16 23
16 26
16 30
16 31
16 32
16 33
16 37
16 40
16 42
16 46
16 49
16 50
16 52
16 57
16 58
16 59
16 63
16 64
16 65
16 69
16 70
16 72
16 73
16 74
16 75
17 19
17 20
17 21
17 24
17 27
17 28
17 29
17 35
17 36
17 40
17 41
17 43
17 45
17 47
17 53
17 55
17 57
17 58
17 60
17 62
17 65
17 66
17 67
17 69
17 70
17 73
18 19
18 21
18 22
18 23
18 24
18 26
18 27
18 28
18 31
18 32
18 35
18 36
18 37
18 40
18 41
18 42
18 44
18 47
18 48
18 51
18 61
18 62
18 65
18 67
18 73
19 20
19 21
19 23
19 27
19 28
19 36
19 37
19 40
19 41
19 43
19 44
19 45
19 46
19 47
19 49
19 52
19 53
19 59
19 60
19 61
19 64
19 65
19 67
19 69
19 72
19 75
20 24
20 25
20 29
20 33
20 34
20 37
20 39
20 41
20 42
20 43
20 44
20 45
20 55
20 56
20 59
20 60
20 61
20 63
20 70
20 72
20 74
20 75
20 76
21 23
21 26
21 30
21 31
21 32
21 35
21 36
21 37
21 43
21 44
21 45
21 47
21 50
21 51
21 52
21 53
21 55
21 57
21 59
21 60
21 61
21 62
21 63
21 69
21 73
21 74
22 23
22 24
22 28
22 31
22 33
22 35
22 36
22 38
22 39
22 41
22 42
22 43
22 44
22 45
22 47
22 48
22 49
22 50
22 51
22 53
22 55
22 57
22 58
22 60
22 61
22 63
22 64
22 67
22 68
22 69
22 71
22 72
22 73
22 75
22 76
22 77
23 27
23 30
23 31
23 33
23 37
23 38
23 39
23 41
23 42
23 43
23 49
23 53
23 54
23 56
23 61
23 62
23 63
23 65
23 66
23 67
23 68
23 71
24 27
24 30
24 31
24 32
24 33
24 34
24 35
24 36
24 38
24 39
24 41
24 43
24 46
24 49
24 51
24 54
24 55
24 59
24 63
24 64
24 66
24 67
24 73
24 75
24 76
25 30
25 33
25 35
25 36
25 37
25 41
25 42
25 44
25 45
25 46
25 47
25 48
25 51
25 52
25 53
25 54
25 55
25 56
25 58
25 59
25 64
25 66
25 70
25 72
25 74
26 27
26 30
26 32
26 34
26 35
26 36
26 37
26 38
26 42
26 43
26 44
26 46
26 48
26 49
26 50
26 53
26 54
26 56
26 57
26 59
26 60
26 61
26 64
26 66
26 68
26 69
26 72
26 73
26 74
27 30
27 31
27 36
27 37
27 38
27 40
27 41
27 43
27 46
27 48
27 49
27 50
27 52
27 57
27 63
27 65
27 66
27 67
27 68
27 72
27 74
27 76
28 30
28 31
28 33
28 34
28 37
28 38
28 40
28 42
28 43
28 44
28 45
28 47
28 49
28 52
28 54
28 58
28 63
28 64
28 65
28 67
28 68
28 69
28 71
28 72
28 73
28 74
28 75
29 30
29 33
29 35
29 40
29 45
29 49
29 50
29 58
29 59
29 62
29 63
29 64
29 66
29 67
29 68
29 70
29 74
29 77
30 31
30 34
30 36
30 37
30 38
30 41
30 45
30 47
30 48
30 49
30 50
30 52
30 56
30 57
30 61
30 62
30 66
30 67
30 70
30 71
30 73
30 76
31 32
31 33
31 34
31 35
31 39
31 43
31 44
31 45
31 46
31 48
31 49
31 50
31 51
31 53
31 56
31 61
31 65
31 66
31 67
31 69
31 70
31 71
31 72
31 74
31 75
31 76
32 34
32 35
32 37
32 38
32 40
32 44
32 45
32 49
32 50
32 51
32 53
32 58
32 59
32 61
32 63
32 65
32 67
32 68
32 73
32 76
33 36
33 37
33 38
33 39
33 42
33 44
33 45
33 46
33 48
33 49
33 53
33 58
33 61
33 62
33 63
33 64
33 65
33 66
33 68
33 69
33 71
33 72
33 76
34 35
34 36
34 38
34 40
34 43
34 47
34 52
34 53
34 55
34 56
34 57
34 61
34 64
34 65
34 73
34 77
35 36
35 38
35 41
35 43
35 44
35 46
35 50
35 51
35 54
35 55
35 56
35 57
35 59
35 62
35 64
35 65
35 66
35 67
35 69
35 71
35 72
35 74
35 77
36 41
36 43
36 45
36 48
36 50
36 52
36 54
36 55
36 58
36 59
36 60
36 62
36 64
36 67
36 69
36 70
36 75
36 76
36 77
37 38
37 42
37 43
37 44
37 47
37 48
37 51
37 53
37 55
37 58
37 59
37 60
37 63
37 65
37 66
37 67
37 70
37 71
37 74
37 75
38 40
38 41
38 43
38 44
38 45
38 46
38 47
38 50
38 53
38 55
38 56
38 57
38 59
38 61
38 65
38 66
38 67
38 69
38 71
38 72
38 73
38 76
39 46
39 51
39 52
39 57
39 58
39 59
39 63
39 66
39 67
39 69
39 71
39 73
39 74
39 77
40 41
40 42
40 47
40 50
40 52
40 55
40 59
40 60
40 62
40 63
40 65
40 66
40 67
40 68
40 69
40 70
40 71
40 73
40 74
40 75
40 76
41 44
41 45
41 48
41 50
41 52
41 53
41 55
41 56
41 57
41 59
41 64
41 65
41 68
41 71
41 74
41 75
41 76
42 43
42 44
42 45
42 46
42 52
42 53
42 55
42 57
42 60
42 61
42 62
42 66
42 67
42 68
42 70
42 74
42 75
42 76
43 46
43 52
43 58
43 59
43 60
43 64
43 66
43 68
43 69
43 73
43 74
43 76
44 46
44 47
44 52
44 53
44 59
44 62
44 64
44 69
44 71
44 72
44 73
44 75
44 76
44 77
45 51
45 53
45 54
45 55
45 56
45 59
45 60
45 62
45 69
45 70
45 75
46 49
46 50
46 52
46 53
46 54
46 57
46 59
46 61
46 64
46 74
46 75
46 76
46 77
47 50
47 54
47 55
47 56
47 57
47 59
47 61
47 67
47 70
48 50
48 52
48 54
48 55
48 58
48 60
48 64
48 68
48 73
48 74
48 75
49 50
49 52
49 59
49 60
49 64
49 65
49 67
49 68
49 70
49 71
49 72
49 77
50 51
50 53
50 56
50 58
50 60
50 62
50 63
50 65
50 67
50 68
50 69
50 74
50 75
50 77
51 52
51 55
51 58
51 60
51 62
51 65
51 66
51 70
51 71
51 72
51 75
52 53
52 56
52 58
52 59
52 62
52 63
52 66
52 67
52 70
52 73
52 74
52 75
52 77
53 58
53 59
53 61
53 62
53 63
53 69
53 71
53 74
53 75
53 77
54 56
54 59
54 60
54 62
54 63
54 68
54 70
54 71
54 73
54 74
54 75
55 58
55 64
55 65
55 66
55 68
55 70
55 73
55 74
55 76
55 77
56 62
56 63
56 64
56 65
56 66
56 67
56 69
56 71
56 72
56 75
56 76
56 77
57 60
57 65
57 68
57 73
57 74
57 77
58 59
58 64
58 65
58 69
58 72
58 73
58 75
58 76
59 60
59 61
59 64
59 65
59 67
59 70
59 72
59 73
59 75
59 76
59 77
60 61
60 63
60 65
60 67
60 70
60 72
60 77
61 63
61 64
61 66
61 67
61 68
61 70
61 71
61 73
61 77
62 63
62 65
62 66
62 69
62 70
62 71
62 72
62 76
62 77
63 66
63 68
63 69
63 70
63 72
63 74
63 75
63 76
63 77
64 66
64 68
64 69
64 70
64 71
64 73
64 75
64 76
64 77
65 66
65 69
65 71
65 72
65 73
65 75
66 71
66 72
66 73
66 75
66 76
66 77
67 68
67 70
67 72
67 76
67 77
68 69
68 70
68 71
68 72
68 73
68 74
68 77
69 70
69 71
69 72
69 73
69 75
69 76
69 77
70 74
70 75
70 77
71 73
71 76
71 77
72 74
72 75
72 76
73 74
73 76
74 77
75 76
76 77
