1 5
1 6
1 7
1 10
1 11
1 14
1 17
1 18
1 20
1 24
1 29
1 32
1 41
1 43
1 47
1 49
1 50
1 51
1 53
1 56
1 58
1 62
1 69
1 71
1 77
1 78
1 83
1 84
1 86
1 93
1 97
1 106
1 108
1 113
1 118
1 119
1 120
1 127
1 131
1 132
1 134
1 135
1 138
1 139
2 7
2 9
2 10
2 11
2 15
2 17
2 18
2 19
2 23
2 24
2 26
2 29
2 30
2 34
2 36
2 37
2 38
2 45
2 51
2 53
2 56
2 57
2 58
2 59
2 62
2 64
2 67
2 68
2 71
2 72
2 73
2 75
2 82
2 83
2 84
2 87
2 93
2 105
2 107
2 108
2 109
2 112
2 113
2 114
2 117
2 118
2 122
2 124
2 125
2 126
2 129
2 131
2 132
2 138
3 8
3 9
3 10
3 12
3 14
3 15
3 20
3 21
3 25
3 31
3 32
3 36
3 40
3 41
3 42
3 43
3 53
3 54
3 55
3 56
3 57
3 59
3 62
3 67
3 69
3 70
3 71
3 78
3 82
3 86
3 89
3 90
3 98
3 101
3 105
3 106
3 108
3 110
3 111
3 113
3 120
3 122
3 123
3 124
3 128
3 132
3 134
4 8
4 9
4 12
4 13
4 15
4 16
4 21
4 24
4 25
4 27
4 28
4 29
4 31
4 32
4 33
4 34
4 38
4 39
4 40
4 42
4 44
4 45
4 47
4 48
4 52
4 53
4 55
4 57
4 60
4 64
4 69
4 71
4 73
4 75
4 76
4 77
4 84
4 91
4 93
4 94
4 95
4 98
4 101
4 107
4 109
4 110
4 114
4 115
4 118
4 120
4 121
4 123
4 124
4 126
4 128
4 132
4 136
4 138
4 139
5 7
5 8
5 10
5 12
5 13
5 14
5 16
5 17
5 18
5 20
5 25
5 26
5 27
5 29
5 30
5 31
5 35
5 46
5 49
5 53
5 56
5 57
5 58
5 59
5 67
5 72
5 76
5 82
5 83
5 86
5 88
5 89
5 92
5 94
5 97
5 100
5 101
5 104
5 105
5 110
5 113
5 114
5 118
5 123
5 124
5 135
5 136
5 137
5 139
6 8
6 9
6 12
6 13
6 15
6 17
6 18
6 21
6 22
6 23
6 25
6 27
6 28
6 34
6 38
6 39
6 40
6 43
6 49
6 51
6 54
6 55
6 56
6 60
6 62
6 64
6 66
6 67
6 71
6 74
6 80
6 87
6 90
6 92
6 94
6 97
6 101
6 107
6 109
6 116
6 119
6 120
6 122
6 125
6 126
6 127
6 128
6 130
6 131
6 132
6 135
6 136
6 138
7 11
7 13
7 15
7 17
7 19
7 22
7 23
7 24
7 27
7 29
7 31
7 40
7 41
7 43
7 48
7 49
7 51
7 53
7 54
7 58
7 60
7 62
7 64
7 69
7 79
7 83
7 84
7 87
7 96
7 97
7 100
7 103
7 104
7 109
7 110
7 111
7 120
7 123
7 124
7 125
7 130
7 136
8 9
8 11
8 12
8 22
8 23
8 28
8 34
8 36
8 45
8 48
8 52
8 55
8 58
8 64
8 69
8 71
8 72
8 82
8 87
8 88
8 89
8 92
8 93
8 94
8 95
8 107
8 111
8 116
8 118
8 126
8 127
8 130
8 131
8 132
8 136
8 139
9 10
9 20
9 22
9 24
9 27
9 29
9 30
9 36
9 37
9 38
9 39
9 40
9 42
9 43
9 44
9 45
9 46
9 48
9 52
9 54
9 56
9 57
9 58
9 60
9 61
9 63
9 65
9 70
9 72
9 73
9 78
9 79
9 81
9 85
9 87
9 88
9 89
9 91
9 99
9 104
9 110
9 112
9 117
9 119
9 121
9 124
9 126
9 127
9 128
9 129
9 131
9 138
9 139
10 14
10 15
10 16
10 18
10 20
10 21
10 24
10 29
10 31
10 38
10 39
10 42
10 44
10 45
10 49
10 51
10 52
10 53
10 55
10 57
10 58
10 59
10 60
10 62
10 63
10 65
10 66
10 67
10 71
10 73
10 80
10 81
10 83
10 89
10 91
10 92
10 97
10 99
10 101
10 102
10 108
10 110
10 111
10 112
10 117
10 118
10 121
10 122
10 125
10 126
10 127
10 128
10 129
10 131
10 134
10 135
10 136
10 137
10 138
11 14
11 19
11 20
11 22
11 23
11 29
11 31
11 32
11 34
11 36
11 40
11 41
11 42
11 44
11 47
11 50
11 55
11 57
11 59
11 60
11 61
11 63
11 64
11 65
11 66
11 67
11 68
11 70
11 76
11 77
11 79
11 80
11 85
11 91
11 97
11 105
11 107
11 109
11 110
11 113
11 114
11 116
11 117
11 121
11 123
11 124
11 130
11 133
11 137
11 138
12 18
12 23
12 24
12 26
12 27
12 31
12 34
12 36
12 39
12 42
12 43
12 44
12 45
12 47
12 48
12 49
12 50
12 51
12 55
12 57
12 61
12 62
12 63
12 64
12 68
12 69
12 73
12 76
12 77
12 80
12 81
12 83
12 84
12 90
12 101
12 104
12 108
12 111
12 112
12 113
12 114
12 115
12 116
12 117
12 120
12 121
12 133
12 134
12 138
12 139
13 15
13 19
13 20
13 22
13 26
13 30
13 31
13 39
13 41
13 42
13 45
13 46
13 49
13 50
13 51
13 52
13 53
13 54
13 56
13 61
13 68
13 76
13 83
13 85
13 89
13 93
13 95
13 96
13 99
13 103
13 115
13 116
13 119
13 121
13 122
13 128
13 130
13 131
13 133
13 134
13 139
14 15
14 16
14 20
14 23
14 25
14 26
14 29
14 30
14 33
14 35
14 38
14 41
14 43
14 45
14 49
14 52
14 54
14 58
14 59
14 62
14 65
14 68
14 69
14 70
14 76
14 77
14 78
14 82
14 83
14 84
14 85
14 89
14 91
14 95
14 97
14 98
14 100
14 102
14 103
14 104
14 105
14 108
14 109
14 116
14 119
14 121
14 122
14 123
14 125
14 126
14 127
14 128
14 134
14 135
14 137
14 139
15 16
15 17
15 19
15 21
15 22
15 24
15 26
15 33
15 38
15 39
15 41
15 42
15 44
15 45
15 47
15 55
15 57
15 60
15 61
15 62
15 65
15 66
15 73
15 78
15 85
15 89
15 92
15 93
15 94
15 97
15 104
15 107
15 110
15 112
15 116
15 118
15 123
15 126
15 127
15 132
15 135
15 137
15 139
16 19
16 26
16 31
16 32
16 33
16 34
16 35
16 37
16 38
16 40
16 45
16 47
16 48
16 51
16 54
16 56
16 59
16 60
16 63
16 68
16 71
16 73
16 76
16 81
16 82
16 86
16 87
16 90
16 94
16 97
16 98
16 102
16 104
16 105
16 107
16 108
16 112
16 117
16 122
16 125
16 130
16 133
16 137
17 19
17 22
17 23
17 26
17 32
17 35
17 36
17 42
17 45
17 47
17 49
17 50
17 51
17 52
17 55
17 58
17 60
17 62
17 65
17 66
17 69
17 73
17 85
17 87
17 89
17 90
17 95
17 98
17 102
17 104
17 107
17 112
17 113
17 114
17 115
17 123
17 127
17 130
17 131
17 132
17 133
17 138
17 139
18 22
18 23
18 24
18 25
18 27
18 28
18 32
18 36
18 40
18 41
18 47
18 48
18 52
18 53
18 58
18 59
18 60
18 62
18 64
18 72
18 74
18 77
18 79
18 81
18 83
18 85
18 87
18 88
18 93
18 97
18 101
18 102
18 104
18 107
18 112
18 113
18 117
18 118
18 121
18 123
18 127
18 129
18 131
18 132
18 136
18 138
19 22
19 25
19 30
19 37
19 40
19 43
19 44
19 45
19 46
19 49
19 50
19 52
19 54
19 56
19 57
19 59
19 62
19 66
19 70
19 71
19 78
19 85
19 87
19 88
19 90
19 92
19 95
19 99
19 102
19 106
19 113
19 117
19 118
19 119
19 123
19 124
19 125
19 127
19 130
19 131
19 137
19 138
20 21
20 22
20 23
20 28
20 29
20 33
20 34
20 38
20 40
20 41
20 43
20 45
20 48
20 50
20 54
20 57
20 58
20 59
20 60
20 62
20 63
20 64
20 65
20 66
20 76
20 80
20 81
20 83
20 84
20 86
20 87
20 88
20 89
20 100
20 104
20 111
20 116
20 118
20 124
20 125
20 129
20 135
20 139
21 23
21 25
21 27
21 32
21 34
21 35
21 42
21 48
21 53
21 54
21 55
21 57
21 58
21 59
21 63
21 70
21 71
21 85
21 87
21 88
21 89
21 93
21 96
21 98
21 99
21 100
21 104
21 106
21 107
21 108
21 109
21 114
21 119
21 122
21 126
21 128
21 132
21 136
21 139
22 24
22 25
22 29
22 30
22 33
22 37
22 38
22 42
22 45
22 46
22 47
22 50
22 51
22 52
22 53
22 57
22 58
22 60
22 64
22 65
22 68
22 81
22 89
22 90
22 95
22 100
22 101
22 107
22 108
22 109
22 110
22 113
22 118
22 119
22 121
22 125
22 129
22 132
22 135
22 138
23 27
23 28
23 30
23 31
23 33
23 34
23 35
23 39
23 42
23 43
23 45
23 46
23 48
23 52
23 53
23 54
23 59
23 60
23 63
23 65
23 66
23 73
23 75
23 78
23 85
23 88
23 89
23 98
23 99
23 108
23 110
23 112
23 113
23 118
23 119
23 121
23 134
23 136
24 25
24 26
24 27
24 32
24 34
24 35
24 38
24 41
24 43
24 47
24 48
24 55
24 57
24 61
24 62
24 63
24 65
24 70
24 75
24 78
24 80
24 84
24 89
24 91
24 96
24 98
24 99
24 100
24 104
24 105
24 107
24 109
24 115
24 116
24 118
24 120
24 121
24 125
24 126
24 128
24 130
24 132
24 134
24 135
24 137
25 29
25 33
25 35
25 44
25 47
25 48
25 49
25 53
25 55
25 58
25 59
25 61
25 70
25 72
25 73
25 74
25 84
25 88
25 92
25 93
25 95
25 100
25 102
25 104
25 109
25 111
25 113
25 114
25 116
25 118
25 121
25 122
25 131
25 132
25 135
25 138
25 139
26 27
26 31
26 33
26 34
26 36
26 38
26 39
26 42
26 45
26 47
26 48
26 49
26 50
26 57
26 59
26 64
26 71
26 73
26 74
26 77
26 78
26 79
26 81
26 82
26 85
26 86
26 89
26 91
26 93
26 97
26 100
26 101
26 103
26 108
26 109
26 111
26 113
26 115
26 116
26 117
26 118
26 128
26 131
26 132
26 134
26 136
26 137
26 138
27 29
27 30
27 32
27 34
27 36
27 39
27 40
27 41
27 42
27 43
27 45
27 49
27 50
27 52
27 54
27 58
27 62
27 63
27 64
27 66
27 69
27 81
27 83
27 86
27 90
27 92
27 98
27 100
27 103
27 109
27 110
27 111
27 114
27 117
27 118
27 121
27 126
27 127
27 128
27 129
27 132
27 133
28 30
28 31
28 36
28 38
28 39
28 42
28 46
28 47
28 51
28 54
28 57
28 58
28 59
28 60
28 65
28 67
28 69
28 71
28 73
28 74
28 77
28 80
28 83
28 85
28 89
28 90
28 91
28 92
28 94
28 97
28 99
28 101
28 103
28 104
28 108
28 113
28 115
28 117
28 119
28 121
28 122
28 128
28 129
28 130
28 131
28 137
29 30
29 31
29 33
29 36
29 39
29 41
29 44
29 45
29 47
29 50
29 54
29 59
29 62
29 65
29 68
29 70
29 73
29 74
29 76
29 80
29 83
29 91
29 92
29 94
29 100
29 101
29 103
29 104
29 106
29 107
29 111
29 116
29 121
29 122
29 123
29 126
29 129
29 130
29 134
29 135
29 136
29 137
29 139
30 35
30 39
30 42
30 43
30 44
30 46
30 47
30 49
30 51
30 53
30 54
30 55
30 56
30 58
30 59
30 64
30 65
30 67
30 70
30 72
30 73
30 74
30 75
30 78
30 79
30 82
30 84
30 85
30 86
30 87
30 93
30 94
30 95
30 100
30 101
30 106
30 108
30 111
30 112
30 114
30 115
30 117
30 121
30 130
30 131
30 132
30 133
30 135
30 137
30 139
31 32
31 33
31 36
31 38
31 39
31 40
31 42
31 44
31 50
31 53
31 55
31 56
31 58
31 60
31 64
31 65
31 70
31 75
31 77
31 78
31 82
31 88
31 95
31 98
31 100
31 105
31 107
31 108
31 110
31 111
31 113
31 120
31 125
31 126
31 129
31 131
31 134
31 135
31 139
32 35
32 36
32 37
32 38
32 43
32 48
32 51
32 52
32 55
32 57
32 61
32 65
32 68
32 71
32 75
32 76
32 78
32 80
32 83
32 85
32 90
32 91
32 94
32 99
32 101
32 102
32 108
32 109
32 112
32 113
32 115
32 120
32 121
32 123
32 128
32 130
32 131
32 132
32 133
32 139
33 35
33 38
33 40
33 43
33 48
33 49
33 51
33 52
33 54
33 56
33 66
33 68
33 69
33 70
33 72
33 74
33 75
33 76
33 81
33 82
33 83
33 84
33 85
33 87
33 88
33 89
33 90
33 97
33 99
33 100
33 101
33 103
33 105
33 107
33 111
33 114
33 118
33 121
33 124
33 125
33 128
33 132
33 136
33 137
34 35
34 43
34 44
34 46
34 53
34 55
34 59
34 66
34 67
34 68
34 69
34 79
34 83
34 87
34 92
34 93
34 95
34 96
34 98
34 103
34 106
34 109
34 111
34 113
34 114
34 117
34 118
34 120
34 122
34 129
34 131
34 136
35 36
35 37
35 38
35 39
35 40
35 46
35 48
35 52
35 53
35 54
35 55
35 58
35 59
35 61
35 64
35 68
35 72
35 80
35 82
35 83
35 85
35 86
35 92
35 93
35 97
35 98
35 100
35 102
35 103
35 107
35 109
35 116
35 118
35 119
35 122
35 131
36 42
36 43
36 44
36 45
36 47
36 48
36 51
36 52
36 55
36 64
36 68
36 69
36 72
36 79
36 83
36 84
36 85
36 86
36 87
36 89
36 92
36 93
36 94
36 96
36 98
36 99
36 101
36 102
36 105
36 113
36 114
36 117
36 119
36 124
36 130
36 131
36 133
36 134
36 136
36 138
36 139
37 38
37 39
37 40
37 41
37 42
37 43
37 44
37 45
37 47
37 48
37 53
37 55
37 56
37 57
37 60
37 61
37 66
37 70
37 74
37 75
37 77
37 81
37 85
37 88
37 92
37 95
37 97
37 98
37 99
37 103
37 105
37 107
37 109
37 112
37 114
37 118
37 121
37 124
37 126
37 132
37 133
37 137
37 138
37 139
38 41
38 42
38 46
38 50
38 53
38 63
38 66
38 69
38 70
38 71
38 74
38 75
38 79
38 85
38 87
38 89
38 91
38 95
38 96
38 101
38 105
38 106
38 107
38 110
38 111
38 112
38 114
38 117
38 118
38 119
38 126
38 132
38 139
39 41
39 44
39 45
39 48
39 51
39 53
39 54
39 56
39 57
39 58
39 60
39 62
39 67
39 68
39 69
39 70
39 71
39 74
39 75
39 76
39 78
39 80
39 83
39 85
39 88
39 92
39 94
39 95
39 96
39 104
39 109
39 112
39 116
39 117
39 118
39 119
39 120
39 124
39 125
39 134
39 135
39 137
40 44
40 46
40 47
40 48
40 50
40 54
40 57
40 58
40 60
40 61
40 63
40 70
40 73
40 74
40 76
40 77
40 82
40 83
40 84
40 88
40 90
40 101
40 102
40 104
40 107
40 111
40 116
40 117
40 120
40 121
40 124
40 126
40 132
40 134
41 42
41 44
41 45
41 53
41 58
41 60
41 62
41 64
41 65
41 67
41 69
41 73
41 77
41 79
41 80
41 81
41 90
41 95
41 98
41 104
41 105
41 106
41 108
41 109
41 111
41 112
41 114
41 116
41 118
41 122
41 124
41 125
41 130
41 136
41 138
41 139
42 43
42 47
42 48
42 52
42 55
42 56
42 59
42 61
42 66
42 68
42 69
42 79
42 89
42 91
42 93
42 95
42 97
42 98
42 105
42 106
42 108
42 109
42 111
42 115
42 117
42 118
42 119
42 121
42 123
42 126
42 127
42 129
42 131
42 132
42 133
42 134
42 135
42 137
42 138
43 45
43 49
43 53
43 54
43 55
43 56
43 58
43 60
43 61
43 64
43 65
43 73
43 78
43 79
43 81
43 82
43 83
43 91
43 95
43 100
43 103
43 104
43 105
43 106
43 109
43 110
43 112
43 116
43 117
43 123
43 126
43 127
43 132
43 133
44 45
44 48
44 49
44 52
44 60
44 62
44 64
44 65
44 67
44 70
44 71
44 72
44 78
44 82
44 87
44 89
44 91
44 94
44 96
44 104
44 105
44 110
44 111
44 112
44 114
44 115
44 116
44 122
44 123
44 124
44 126
44 131
44 134
44 136
44 137
45 48
45 49
45 51
45 52
45 53
45 54
45 55
45 56
45 57
45 58
45 59
45 63
45 65
45 71
45 75
45 76
45 80
45 82
45 84
45 85
45 86
45 87
45 88
45 90
45 91
45 93
45 95
45 96
45 100
45 104
45 105
45 107
45 108
45 109
45 112
45 113
45 114
45 118
45 122
45 123
45 126
45 136
45 137
45 139
46 47
46 50
46 51
46 52
46 53
46 58
46 65
46 66
46 70
46 77
46 79
46 82
46 85
46 86
46 87
46 90
46 94
46 95
46 99
46 100
46 104
46 111
46 112
46 115
46 118
46 122
46 124
46 128
46 130
46 133
46 134
46 137
46 139
47 50
47 51
47 53
47 54
47 55
47 56
47 60
47 65
47 68
47 72
47 74
47 75
47 78
47 79
47 81
47 86
47 87
47 89
47 90
47 91
47 97
47 98
47 99
47 102
47 103
47 104
47 105
47 107
47 108
47 110
47 118
47 119
47 121
47 122
47 123
47 127
47 129
47 133
47 134
47 137
47 138
48 50
48 51
48 53
48 56
48 57
48 60
48 61
48 64
48 67
48 68
48 75
48 76
48 78
48 80
48 81
48 86
48 88
48 89
48 90
48 92
48 93
48 94
48 95
48 96
48 99
48 101
48 105
48 110
48 111
48 115
48 116
48 122
48 123
48 125
48 126
48 127
48 128
48 130
48 136
48 138
48 139
49 50
49 51
49 54
49 56
49 58
49 63
49 70
49 73
49 77
49 79
49 81
49 87
49 89
49 90
49 92
49 97
49 100
49 102
49 105
49 106
49 108
49 110
49 111
49 112
49 117
49 118
49 121
49 123
49 126
49 127
49 129
49 131
49 134
49 138
49 139
50 52
50 53
50 54
50 62
50 64
50 65
50 67
50 70
50 72
50 75
50 83
50 88
50 91
50 93
50 94
50 97
50 98
50 100
50 102
50 103
50 107
50 109
50 111
50 113
50 118
50 120
50 123
50 124
50 125
50 126
50 127
50 128
50 130
50 133
50 134
50 135
50 137
50 139
51 53
51 64
51 69
51 71
51 73
51 74
51 76
51 83
51 87
51 88
51 91
51 92
51 94
51 98
51 103
51 106
51 108
51 109
51 111
51 112
51 113
51 119
51 121
51 126
51 127
51 129
51 130
51 132
51 133
51 134
51 136
51 137
52 53
52 54
52 56
52 58
52 61
52 67
52 68
52 69
52 74
52 75
52 76
52 77
52 79
52 81
52 83
52 85
52 89
52 90
52 95
52 97
52 100
52 105
52 106
52 108
52 111
52 113
52 115
52 118
52 119
52 120
52 121
52 123
52 124
52 128
52 129
52 131
52 134
52 137
52 138
53 55
53 59
53 60
53 63
53 65
53 66
53 67
53 71
53 74
53 76
53 77
53 78
53 80
53 81
53 82
53 85
53 88
53 90
53 93
53 94
53 95
53 100
53 101
53 103
53 104
53 109
53 113
53 114
53 116
53 129
53 130
53 133
53 134
53 135
53 136
53 137
53 138
54 55
54 59
54 61
54 68
54 69
54 71
54 73
54 74
54 77
54 78
54 80
54 85
54 87
54 88
54 93
54 96
54 97
54 98
54 104
54 106
54 111
54 114
54 115
54 119
54 126
54 127
54 130
54 131
54 132
54 133
54 136
54 139
55 57
55 65
55 66
55 67
55 68
55 69
55 70
55 71
55 72
55 76
55 77
55 85
55 89
55 100
55 102
55 104
55 106
55 112
55 116
55 119
55 128
55 134
55 135
55 136
56 58
56 62
56 66
56 68
56 70
56 72
56 73
56 77
56 78
56 81
56 85
56 86
56 91
56 92
56 94
56 96
56 99
56 101
56 105
56 109
56 111
56 114
56 119
56 120
56 125
56 126
56 133
56 134
56 136
56 137
57 58
57 60
57 65
57 66
57 67
57 75
57 76
57 79
57 80
57 81
57 82
57 83
57 84
57 85
57 87
57 88
57 90
57 96
57 97
57 98
57 103
57 105
57 106
57 108
57 111
57 114
57 127
57 131
57 134
57 138
57 139
58 59
58 62
58 67
58 69
58 82
58 83
58 84
58 85
58 87
58 91
58 99
58 103
58 107
58 117
58 120
58 122
58 124
58 126
58 132
58 134
58 139
59 63
59 64
59 70
59 72
59 78
59 85
59 89
59 94
59 95
59 97
59 99
59 104
59 105
59 106
59 107
59 108
59 110
59 114
59 116
59 121
59 123
59 124
59 125
59 126
59 127
59 130
59 133
59 136
59 137
59 138
60 62
60 68
60 70
60 71
60 73
60 78
60 81
60 86
60 94
60 99
60 103
60 104
60 105
60 108
60 109
60 110
60 111
60 113
60 118
60 120
60 123
60 131
60 135
61 67
61 68
61 70
61 72
61 78
61 80
61 83
61 87
61 96
61 99
61 105
61 113
61 122
61 125
61 128
61 130
61 133
61 136
61 138
62 63
62 64
62 65
62 67
62 71
62 77
62 78
62 80
62 82
62 83
62 84
62 95
62 96
62 98
62 99
62 101
62 103
62 107
62 112
62 117
62 119
62 120
62 126
62 127
62 129
62 130
62 134
63 66
63 68
63 71
63 73
63 75
63 76
63 81
63 83
63 86
63 92
63 96
63 99
63 101
63 102
63 105
63 106
63 113
63 114
63 115
63 117
63 120
63 124
63 126
63 127
63 129
63 130
63 133
63 135
63 137
64 65
64 68
64 69
64 70
64 71
64 75
64 76
64 82
64 86
64 87
64 92
64 96
64 97
64 103
64 106
64 109
64 110
64 112
64 114
64 115
64 116
64 118
64 120
64 123
64 125
64 127
64 129
64 131
64 139
65 68
65 71
65 79
65 80
65 82
65 83
65 85
65 87
65 96
65 103
65 104
65 107
65 110
65 113
65 114
65 122
65 124
65 130
65 131
65 135
66 67
66 69
66 73
66 74
66 75
66 78
66 81
66 85
66 86
66 92
66 93
66 96
66 106
66 108
66 109
66 110
66 112
66 113
66 121
66 122
66 133
66 134
66 136
66 139
67 70
67 74
67 76
67 77
67 79
67 80
67 82
67 87
67 88
67 89
67 91
67 92
67 97
67 101
67 107
67 108
67 112
67 118
67 120
67 121
67 123
67 124
67 126
67 129
67 130
67 134
67 137
68 69
68 70
68 74
68 76
68 77
68 78
68 82
68 84
68 85
68 87
68 88
68 90
68 95
68 98
68 107
68 109
68 110
68 114
68 117
68 118
68 119
68 131
68 134
68 137
68 139
69 70
69 74
69 75
69 81
69 84
69 90
69 91
69 92
69 93
69 94
69 97
69 98
69 99
69 101
69 105
69 106
69 116
69 117
69 118
69 119
69 123
69 125
69 127
69 128
69 130
69 132
69 135
69 136
70 71
70 77
70 78
70 86
70 87
70 90
70 94
70 98
70 99
70 101
70 102
70 104
70 105
70 106
70 107
70 110
70 114
70 117
70 119
70 121
70 126
70 127
70 128
70 131
70 132
70 133
70 135
70 137
71 74
71 78
71 80
71 82
71 84
71 87
71 88
71 90
71 91
71 94
71 101
71 103
71 104
71 109
71 111
71 113
71 116
71 118
71 119
71 120
71 122
71 125
71 130
71 132
71 135
71 136
71 138
71 139
72 73
72 74
72 77
72 81
72 82
72 85
72 86
72 87
72 92
72 93
72 94
72 95
72 96
72 97
72 104
72 106
72 107
72 120
72 121
72 123
72 124
72 127
72 130
72 134
72 135
72 136
73 79
73 80
73 81
73 82
73 85
73 88
73 89
73 90
73 91
73 98
73 99
73 100
73 101
73 102
73 105
73 108
73 112
73 113
73 114
73 115
73 122
73 126
73 127
73 128
73 133
73 134
74 77
74 78
74 84
74 85
74 87
74 90
74 91
74 94
74 95
74 96
74 99
74 101
74 103
74 104
74 109
74 112
74 114
74 119
74 120
74 123
74 124
74 126
74 129
74 130
74 133
74 139
75 80
75 81
75 83
75 86
75 88
75 90
75 93
75 94
75 95
75 96
75 97
75 98
75 100
75 101
75 105
75 111
75 112
75 113
75 114
75 116
75 118
75 120
75 127
75 129
75 131
75 133
75 139
76 77
76 80
76 86
76 87
76 88
76 89
76 90
76 91
76 93
76 94
76 95
76 97
76 98
76 103
76 105
76 106
76 107
76 113
76 116
76 117
76 120
76 122
76 123
76 124
76 125
76 128
76 130
76 131
76 132
76 134
76 137
77 78
77 85
77 87
77 89
77 91
77 95
77 96
77 99
77 100
77 102
77 103
77 106
77 107
77 108
77 109
77 113
77 115
77 119
77 120
77 121
77 126
77 130
77 132
77 133
77 135
77 136
77 137
77 139
78 81
78 83
78 89
78 92
78 96
78 98
78 99
78 100
78 101
78 106
78 109
78 113
78 115
78 118
78 130
78 135
78 137
79 80
79 82
79 84
79 87
79 92
79 93
79 95
79 96
79 99
79 100
79 103
79 104
79 106
79 107
79 108
79 110
79 114
79 115
79 122
79 124
79 125
79 126
79 127
79 132
79 133
79 137
80 86
80 88
80 90
80 91
80 94
80 96
80 99
80 102
80 105
80 106
80 110
80 111
80 114
80 118
80 120
80 122
80 128
80 129
80 130
80 132
80 133
80 135
80 137
81 82
81 89
81 91
81 96
81 99
81 100
81 103
81 104
81 108
81 109
81 113
81 115
81 119
81 121
81 127
81 129
81 130
81 131
81 133
81 137
81 139
82 87
82 101
82 102
82 103
82 107
82 111
82 117
82 120
82 127
82 128
82 129
82 130
83 86
83 88
83 92
83 99
83 101
83 102
83 103
83 106
83 108
83 111
83 113
83 117
83 121
83 124
83 125
83 133
83 139
84 86
84 87
84 89
84 92
84 93
84 95
84 98
84 101
84 104
84 106
84 113
84 120
84 123
84 124
84 127
84 128
84 129
84 132
84 138
85 90
85 91
85 92
85 93
85 94
85 96
85 99
85 101
85 102
85 104
85 105
85 107
85 110
85 111
85 113
85 116
85 117
85 127
85 129
85 133
85 136
86 92
86 93
86 94
86 96
86 97
86 102
86 103
86 107
86 110
86 112
86 114
86 119
86 120
86 124
86 128
86 129
86 131
86 132
87 90
87 101
87 104
87 105
87 110
87 111
87 114
87 117
87 118
87 119
87 121
87 122
87 126
87 131
87 133
88 90
88 91
88 94
88 95
88 96
88 98
88 99
88 104
88 106
88 109
88 114
88 124
88 129
88 130
88 132
88 136
88 138
88 139
89 90
89 91
89 99
89 101
89 102
89 104
89 106
89 107
89 109
89 112
89 114
89 115
89 119
89 123
89 127
89 129
89 131
89 132
89 133
89 135
89 136
89 138
90 91
90 93
90 96
90 100
90 103
90 104
90 109
90 111
90 112
90 114
90 117
90 119
90 120
90 123
90 126
90 136
90 137
90 138
91 94
91 97
91 99
91 104
91 107
91 108
91 109
91 116
91 117
91 119
91 128
91 130
91 132
91 133
91 136
92 97
92 98
92 99
92 101
92 105
92 108
92 114
92 115
92 118
92 119
92 122
92 123
92 125
92 131
92 133
93 96
93 104
93 105
93 106
93 109
93 112
93 113
93 114
93 121
93 126
93 130
93 139
94 95
94 96
94 97
94 103
94 104
94 106
94 108
94 110
94 111
94 113
94 116
94 117
94 121
94 125
94 126
94 130
94 131
94 135
94 136
94 139
95 96
95 98
95 102
95 108
95 115
95 117
95 122
95 123
95 131
95 132
95 138
96 100
96 104
96 106
96 107
96 110
96 112
96 119
96 120
96 124
96 130
96 132
96 135
96 137
97 98
97 102
97 104
97 109
97 113
97 119
97 122
97 129
97 131
97 133
97 134
97 135
97 138
97 139
98 99
98 101
98 103
98 106
98 107
98 111
98 114
98 116
98 117
98 118
98 123
98 124
98 125
98 126
98 127
98 129
98 130
98 132
98 135
98 137
98 138
99 107
99 109
99 111
99 113
99 114
99 116
99 118
99 119
99 121
99 125
99 128
99 130
99 131
99 136
99 137
99 138
99 139
100 103
100 104
100 107
100 108
100 109
100 111
100 114
100 115
100 118
100 119
100 122
100 123
100 124
100 126
100 128
100 129
100 130
100 136
100 139
101 102
101 103
101 108
101 110
101 119
101 121
101 125
101 126
101 127
101 128
101 131
101 136
101 138
101 139
102 103
102 108
102 109
102 110
102 111
102 112
102 115
102 120
102 128
102 129
102 134
102 138
102 139
103 104
103 109
103 114
103 117
103 120
103 123
103 124
103 125
103 127
103 129
103 131
103 133
103 137
104 105
104 107
104 110
104 111
104 114
104 115
104 119
104 125
104 128
104 131
104 133
104 134
105 106
105 107
105 108
105 116
105 118
105 121
105 123
105 127
105 129
105 130
105 132
105 133
105 134
105 136
105 137
106 108
106 111
106 112
106 113
106 114
106 116
106 118
106 120
106 122
106 124
106 126
106 130
106 131
106 134
106 136
107 109
107 112
107 114
107 116
107 120
107 129
107 130
107 134
107 138
108 111
108 113
108 116
108 123
108 124
108 126
108 129
108 130
108 132
109 113
109 117
109 120
109 121
109 126
109 130
109 131
109 132
109 134
109 136
109 138
110 111
110 112
110 121
110 123
110 127
110 128
110 129
110 130
110 134
110 135
110 136
110 137
110 138
111 112
111 113
111 115
111 118
111 120
111 128
111 134
111 137
111 138
112 115
112 116
112 119
112 120
112 122
112 126
112 127
112 128
112 132
112 135
112 138
113 118
113 120
113 121
113 122
113 123
113 126
113 130
113 133
113 138
114 118
114 119
114 128
114 129
114 130
114 132
114 134
114 135
115 119
115 129
115 133
115 139
116 117
116 121
116 122
116 125
116 128
116 130
116 133
116 134
116 137
117 118
117 120
117 123
117 126
117 130
117 131
117 138
117 139
118 120
118 121
118 122
118 123
118 128
118 130
118 133
118 135
119 122
119 123
119 126
119 128
119 136
119 137
119 139
120 124
120 125
120 126
120 131
120 132
120 133
120 135
120 137
121 124
121 128
121 131
121 133
121 139
122 124
122 129
122 131
122 132
122 133
122 134
122 136
122 138
122 139
123 124
123 125
123 126
123 128
123 129
123 132
123 135
123 136
123 137
123 139
124 125
124 128
124 130
124 131
124 133
124 135
124 136
124 138
124 139
125 126
125 127
125 131
125 133
125 135
125 136
125 137
126 128
126 131
126 132
126 133
126 134
126 135
126 136
126 137
127 128
127 130
127 133
127 134
127 135
127 139
128 133
129 133
129 138
130 131
130 134
130 135
130 138
131 135
132 133
132 139
133 134
133 137
133 139
134 135
134 136
135 137
136 139
137 138
