1 6
1 7
1 14
1 16
1 18
1 19
1 20
1 21
1 23
1 29
1 31
1 35
1 38
1 39
1 42
1 49
1 51
1 52
1 55
1 58
1 59
1 62
1 65
1 66
1 70
1 71
1 72
1 75
1 80
1 84
2 4
2 6
2 7
2 11
2 15
2 17
2 18
2 20
2 23
2 24
2 29
2 38
2 39
2 42
2 44
2 47
2 49
2 50
2 53
2 54
2 57
2 58
2 61
2 63
2 64
2 67
2 72
2 74
2 79
2 80
2 81
2 83
3 7
3 8
3 9
3 12
3 14
3 16
3 22
3 31
3 35
3 37
3 38
3 40
3 42
3 43
3 44
3 45
3 46
3 47
3 55
3 59
3 60
3 61
3 63
3 72
3 74
3 75
4 6
4 7
4 10
4 15
4 17
4 18
4 20
4 21
4 23
4 24
4 34
4 35
4 37
4 38
4 39
4 42
4 48
4 55
4 58
4 59
4 60
4 64
4 68
4 69
4 71
4 75
4 77
4 79
4 82
5 9
5 10
5 20
5 28
5 29
5 34
5 36
5 41
5 43
5 45
5 57
5 58
5 62
5 64
5 65
5 72
5 75
5 78
5 79
5 80
6 10
6 11
6 12
6 14
6 15
6 17
6 21
6 24
6 25
6 27
6 29
6 33
6 42
6 43
6 47
6 48
6 49
6 50
6 51
6 54
6 56
6 57
6 60
6 64
6 65
6 66
6 72
6 75
6 79
6 81
6 82
7 8
7 9
7 11
7 19
7 23
7 24
7 26
7 31
7 34
7 36
7 37
7 39
7 41
7 42
7 44
7 46
7 47
7 48
7 49
7 55
7 58
7 60
7 68
7 70
7 73
7 75
7 76
7 78
7 79
7 80
7 81
7 82
7 83
8 12
8 18
8 19
8 20
8 23
8 29
8 34
8 38
8 46
8 51
8 54
8 55
8 57
8 58
8 59
8 64
8 65
8 67
8 68
8 69
8 72
8 73
8 75
8 78
8 79
8 82
8 84
9 10
9 11
9 16
9 17
9 18
9 22
9 23
9 24
9 31
9 33
9 37
9 39
9 41
9 42
9 43
9 44
9 46
9 51
9 52
9 53
9 58
9 59
9 60
9 61
9 66
9 69
9 74
9 75
9 76
9 77
9 78
9 81
9 82
10 17
10 18
10 21
10 24
10 25
10 26
10 31
10 32
10 33
10 35
10 37
10 38
10 43
10 45
10 46
10 47
10 50
10 56
10 57
10 58
10 60
10 65
10 66
10 67
10 69
10 70
10 72
10 73
10 76
10 77
10 78
10 79
10 81
10 84
11 14
11 15
11 17
11 18
11 20
11 24
11 33
11 35
11 39
11 41
11 45
11 46
11 49
11 50
11 57
11 58
11 59
11 65
11 69
11 77
11 78
11 80
11 84
12 18
12 21
12 22
12 25
12 26
12 28
12 31
12 32
12 33
12 34
12 35
12 38
12 39
12 40
12 43
12 50
12 52
12 54
12 55
12 57
12 60
12 63
12 66
12 68
12 69
12 70
12 74
12 76
12 78
12 80
13 16
13 25
13 26
13 30
13 38
13 41
13 44
13 48
13 50
13 51
13 52
13 54
13 57
13 58
13 59
13 61
13 66
13 67
13 70
13 74
13 75
13 76
13 77
13 79
13 81
14 16
14 20
14 22
14 23
14 24
14 28
14 29
14 32
14 35
14 37
14 40
14 46
14 50
14 51
14 55
14 59
14 62
14 67
14 69
14 70
14 71
14 76
14 78
14 84
15 16
15 21
15 23
15 24
15 27
15 33
15 36
15 37
15 38
15 39
15 40
15 43
15 49
15 50
15 51
15 52
15 55
15 58
15 59
15 60
15 62
15 66
15 71
15 72
15 74
15 75
15 76
15 77
15 79
15 80
15 82
15 83
16 26
16 29
16 34
16 43
16 48
16 53
16 56
16 58
16 62
16 63
16 68
16 69
16 72
16 76
16 82
16 83
16 84
17 22
17 27
17 30
17 31
17 39
17 42
17 45
17 47
17 48
17 49
17 50
17 52
17 56
17 57
17 59
17 63
17 64
17 65
17 67
17 70
17 71
17 72
17 74
17 77
17 79
17 80
17 81
17 82
18 20
18 22
18 29
18 34
18 36
18 39
18 40
18 43
18 51
18 53
18 55
18 57
18 67
18 68
18 70
18 71
18 72
18 75
18 77
18 78
18 80
18 81
18 82
18 84
19 22
19 23
19 24
19 27
19 32
19 34
19 35
19 40
19 45
19 46
19 49
19 51
19 53
19 56
19 60
19 61
19 64
19 67
19 68
19 70
19 75
19 76
19 78
19 80
19 82
19 84
20 26
20 29
20 31
20 32
20 34
20 36
20 37
20 38
20 39
20 40
20 46
20 49
20 50
20 52
20 55
20 56
20 58
20 60
20 62
20 66
20 68
20 73
20 74
20 75
20 84
21 26
21 27
21 34
21 37
21 39
21 42
21 46
21 51
21 52
21 55
21 56
21 63
21 71
21 73
21 75
21 77
21 78
21 80
21 81
22 34
22 35
22 36
22 38
22 41
22 42
22 43
22 44
22 46
22 49
22 53
22 57
22 66
22 72
22 74
22 76
22 77
22 81
22 83
23 26
23 27
23 29
23 30
23 34
23 35
23 42
23 43
23 44
23 47
23 48
23 49
23 51
23 57
23 59
23 60
23 61
23 64
23 65
23 68
23 70
23 71
23 73
23 75
23 77
23 78
23 83
23 84
24 28
24 29
24 32
24 35
24 36
24 39
24 40
24 41
24 42
24 43
24 50
24 53
24 58
24 59
24 63
24 64
24 66
24 69
24 72
24 74
24 76
24 77
24 78
24 79
24 81
25 26
25 30
25 32
25 34
25 35
25 40
25 44
25 46
25 53
25 55
25 56
25 60
25 62
25 64
25 66
25 67
25 69
25 71
25 75
25 77
25 78
25 81
26 27
26 35
26 46
26 48
26 50
26 55
26 58
26 61
26 62
26 64
26 67
26 70
26 71
26 73
26 74
26 78
26 79
26 82
26 83
27 28
27 29
27 31
27 33
27 36
27 37
27 40
27 41
27 46
27 52
27 55
27 58
27 61
27 64
27 65
27 66
27 68
27 70
27 75
27 76
27 77
27 79
27 80
27 81
27 82
27 83
28 29
28 33
28 34
28 35
28 36
28 41
28 44
28 49
28 52
28 53
28 56
28 58
28 59
28 60
28 64
28 67
28 71
28 75
28 76
28 80
28 81
29 33
29 37
29 38
29 39
29 40
29 41
29 43
29 44
29 45
29 46
29 47
29 49
29 50
29 51
29 52
29 54
29 57
29 58
29 65
29 81
30 31
30 32
30 35
30 37
30 44
30 45
30 46
30 49
30 53
30 55
30 58
30 61
30 63
30 66
30 67
30 68
30 72
30 73
30 74
30 75
30 77
30 81
30 84
31 33
31 34
31 43
31 44
31 46
31 54
31 58
31 60
31 69
31 70
31 71
31 74
31 79
31 82
31 83
31 84
32 39
32 40
32 48
32 49
32 51
32 58
32 63
32 66
32 67
32 69
32 75
33 37
33 38
33 41
33 44
33 45
33 50
33 52
33 54
33 57
33 59
33 62
33 63
33 69
33 70
33 73
33 74
33 78
34 35
34 36
34 39
34 41
34 43
34 44
34 45
34 47
34 48
34 50
34 61
34 78
34 80
35 36
35 38
35 41
35 42
35 43
35 45
35 47
35 50
35 51
35 54
35 55
35 58
35 71
35 73
35 74
35 77
35 78
35 81
36 37
36 44
36 45
36 47
36 52
36 53
36 54
36 57
36 58
36 62
36 64
36 66
36 67
36 71
36 76
36 78
36 82
36 83
37 47
37 49
37 53
37 54
37 56
37 58
37 62
37 63
37 72
37 73
37 76
37 78
37 80
37 81
38 39
38 43
38 52
38 53
38 54
38 55
38 65
38 66
38 68
38 70
38 73
38 75
38 78
38 81
38 83
39 40
39 44
39 49
39 51
39 53
39 54
39 55
39 58
39 59
39 74
39 77
39 82
40 43
40 45
40 48
40 50
40 51
40 53
40 54
40 55
40 58
40 59
40 63
40 65
40 66
40 67
40 68
40 69
40 70
40 72
40 75
40 78
40 79
40 83
41 42
41 43
41 44
41 50
41 51
41 52
41 53
41 54
41 56
41 60
41 62
41 64
41 65
41 67
41 71
41 72
41 75
41 76
41 78
42 44
42 46
42 48
42 49
42 53
42 54
42 56
42 57
42 58
42 60
42 65
42 77
42 79
42 81
42 82
42 83
42 84
43 44
43 45
43 48
43 50
43 53
43 54
43 58
43 62
43 63
43 64
43 65
43 66
43 68
43 70
43 74
43 78
43 80
43 82
44 45
44 47
44 49
44 57
44 61
44 63
44 64
44 68
44 70
44 72
44 73
44 77
44 78
44 80
44 81
44 82
45 46
45 47
45 48
45 49
45 51
45 57
45 58
45 60
45 61
45 62
45 68
45 71
45 72
45 73
45 75
45 77
45 82
46 47
46 51
46 57
46 63
46 65
46 69
46 71
46 78
46 80
46 81
47 48
47 49
47 50
47 53
47 54
47 57
47 58
47 65
47 66
47 68
47 70
47 73
47 80
47 81
47 83
47 84
48 49
48 50
48 58
48 60
48 62
48 63
48 65
48 67
48 68
48 73
48 78
48 79
48 82
48 83
48 84
49 52
49 53
49 55
49 56
49 66
49 67
49 68
49 69
49 71
49 74
49 79
49 81
49 83
49 84
50 58
50 60
50 61
50 62
50 63
50 69
50 76
50 78
51 56
51 58
51 60
51 62
51 70
51 75
51 80
51 83
52 57
52 59
52 61
52 67
52 69
52 72
52 75
52 77
52 79
52 81
52 84
53 55
53 57
53 63
53 65
53 68
53 69
53 72
53 76
53 79
53 80
53 81
53 84
54 55
54 57
54 59
54 61
54 65
54 66
54 75
54 79
54 81
54 82
55 57
55 58
55 59
55 60
55 62
55 63
55 65
55 67
55 68
55 79
55 84
56 57
56 60
56 62
56 64
56 66
56 67
56 70
56 75
56 76
56 78
56 79
57 59
57 60
57 62
57 67
57 71
57 77
58 66
58 72
58 75
58 78
58 79
58 81
58 83
58 84
59 61
59 62
59 66
59 69
59 72
59 73
59 75
59 78
59 82
59 83
59 84
60 62
60 64
60 65
60 67
60 69
60 70
60 74
60 81
60 83
61 64
61 68
61 69
61 70
61 72
61 83
62 64
62 65
62 67
62 70
62 80
62 81
62 82
62 84
63 64
63 65
63 67
63 71
63 73
63 78
63 79
63 81
63 84
64 65
64 68
64 69
64 71
64 73
64 77
64 80
64 82
65 74
65 78
65 79
65 81
66 68
66 70
66 71
66 72
66 73
66 79
66 80
66 81
66 82
67 68
67 69
67 72
67 73
67 77
67 80
67 81
67 83
68 69
68 75
68 77
68 79
68 82
69 70
69 73
69 74
69 78
69 81
69 82
70 74
70 75
70 76
70 78
70 81
70 82
71 73
71 75
71 79
71 82
71 83
71 84
72 74
72 75
72 81
72 82
72 83
72 84
73 77
73 78
73 79
73 84
74 76
74 78
74 79
74 80
74 81
75 83
76 79
76 81
76 82
78 82
79 80
79 82
79 84
80 81
80 82
82 84
