1 4
1 7
1 10
1 13
1 20
1 24
1 29
1 40
1 41
1 51
1 52
1 57
1 58
1 62
1 69
1 71
1 74
1 76
1 84
1 87
1 89
1 92
1 93
1 101
1 105
1 113
1 117
1 119
1 123
1 131
1 132
1 147
1 148
1 150
1 151
1 156
1 161
1 165
1 168
1 170
1 180
1 187
1 188
1 191
1 193
1 195
2 10
2 15
2 16
2 19
2 20
2 26
2 33
2 34
2 35
2 37
2 42
2 43
2 50
2 52
2 55
2 59
2 61
2 62
2 66
2 75
2 77
2 79
2 81
2 84
2 86
2 90
2 91
2 94
2 95
2 99
2 108
2 109
2 112
2 114
2 123
2 126
2 128
2 131
2 134
2 138
2 143
2 144
2 151
2 159
2 164
2 166
2 167
2 168
2 173
2 176
2 178
2 180
2 190
2 196
2 199
2 200
2 202
3 5
3 6
3 7
3 9
3 10
3 11
3 13
3 14
3 17
3 20
3 22
3 28
3 32
3 33
3 36
3 38
3 42
3 44
3 52
3 53
3 59
3 60
3 63
3 67
3 69
3 74
3 76
3 79
3 84
3 85
3 86
3 87
3 88
3 93
3 96
3 101
3 102
3 103
3 104
3 110
3 117
3 125
3 128
3 139
3 145
3 146
3 148
3 151
3 154
3 157
3 168
3 169
3 173
3 176
3 177
3 179
3 181
3 182
3 195
3 201
3 202
3 203
4 6
4 11
4 13
4 15
4 27
4 28
4 29
4 30
4 42
4 46
4 49
4 52
4 53
4 54
4 58
4 62
4 69
4 73
4 82
4 83
4 87
4 88
4 90
4 92
4 94
4 95
4 98
4 100
4 117
4 122
4 125
4 128
4 139
4 140
4 143
4 152
4 155
4 163
4 170
4 175
4 187
4 197
4 201
4 202
5 12
5 15
5 20
5 21
5 25
5 26
5 28
5 30
5 33
5 35
5 45
5 47
5 48
5 51
5 62
5 63
5 74
5 79
5 80
5 81
5 82
5 87
5 92
5 93
5 96
5 97
5 100
5 103
5 104
5 105
5 108
5 113
5 116
5 120
5 124
5 128
5 137
5 140
5 141
5 144
5 151
5 153
5 156
5 162
5 163
5 165
5 171
5 173
5 177
5 183
5 188
5 190
5 200
5 202
5 203
6 9
6 10
6 16
6 18
6 21
6 25
6 29
6 31
6 32
6 38
6 39
6 42
6 46
6 48
6 52
6 56
6 59
6 60
6 61
6 63
6 64
6 65
6 70
6 71
6 75
6 76
6 79
6 82
6 84
6 85
6 86
6 97
6 98
6 99
6 110
6 114
6 117
6 124
6 129
6 130
6 132
6 133
6 136
6 138
6 139
6 144
6 152
6 161
6 162
6 165
6 176
6 181
6 186
6 196
6 197
6 198
7 11
7 12
7 13
7 15
7 17
7 18
7 19
7 23
7 24
7 27
7 31
7 35
7 42
7 44
7 45
7 50
7 51
7 57
7 64
7 66
7 69
7 74
7 76
7 80
7 89
7 91
7 97
7 101
7 109
7 117
7 122
7 127
7 132
7 136
7 154
7 156
7 157
7 165
7 184
7 188
7 191
7 192
7 195
7 197
7 199
7 202
8 11
8 14
8 16
8 19
8 22
8 25
8 28
8 29
8 31
8 37
8 54
8 55
8 70
8 75
8 85
8 87
8 88
8 90
8 91
8 96
8 98
8 101
8 110
8 111
8 115
8 117
8 118
8 119
8 120
8 126
8 130
8 133
8 136
8 140
8 146
8 166
8 167
8 174
8 177
8 178
8 184
8 187
8 190
8 192
8 195
9 22
9 23
9 26
9 32
9 43
9 44
9 47
9 49
9 51
9 53
9 54
9 57
9 62
9 77
9 80
9 84
9 88
9 89
9 100
9 117
9 118
9 119
9 122
9 123
9 127
9 130
9 131
9 138
9 142
9 145
9 150
9 158
9 165
9 172
9 175
9 176
9 189
9 193
9 194
9 196
10 12
10 13
10 15
10 21
10 22
10 27
10 32
10 40
10 45
10 47
10 51
10 56
10 57
10 60
10 63
10 67
10 68
10 72
10 80
10 84
10 87
10 90
10 91
10 99
10 103
10 110
10 111
10 119
10 124
10 126
10 144
10 148
10 149
10 153
10 159
10 160
10 164
10 172
10 173
10 176
10 180
10 182
10 197
10 202
11 12
11 13
11 17
11 25
11 28
11 31
11 33
11 36
11 42
11 46
11 50
11 51
11 53
11 57
11 71
11 72
11 73
11 76
11 82
11 87
11 90
11 91
11 95
11 97
11 98
11 103
11 104
11 105
11 106
11 112
11 114
11 115
11 120
11 123
11 125
11 127
11 134
11 137
11 142
11 146
11 157
11 173
11 175
11 179
11 181
11 187
11 189
11 191
11 192
11 198
11 199
12 14
12 16
12 17
12 18
12 24
12 27
12 28
12 35
12 43
12 45
12 46
12 52
12 53
12 54
12 59
12 60
12 63
12 66
12 67
12 68
12 69
12 70
12 72
12 84
12 88
12 91
12 95
12 98
12 99
12 105
12 109
12 111
12 116
12 120
12 122
12 129
12 130
12 140
12 141
12 146
12 161
12 166
12 173
12 179
12 192
12 195
12 201
12 203
13 17
13 24
13 38
13 43
13 44
13 45
13 46
13 47
13 51
13 55
13 62
13 64
13 66
13 70
13 75
13 76
13 78
13 80
13 85
13 87
13 89
13 92
13 98
13 99
13 101
13 108
13 113
13 118
13 120
13 122
13 123
13 130
13 145
13 149
13 150
13 155
13 156
13 165
13 167
13 175
13 176
13 178
13 183
13 184
13 185
13 188
13 189
13 190
13 192
13 193
13 195
13 197
13 201
14 25
14 31
14 33
14 40
14 41
14 44
14 47
14 51
14 54
14 57
14 60
14 63
14 65
14 66
14 67
14 69
14 70
14 76
14 80
14 84
14 85
14 93
14 95
14 106
14 107
14 113
14 115
14 120
14 122
14 126
14 127
14 129
14 136
14 142
14 146
14 148
14 161
14 162
14 168
14 182
14 187
14 188
14 189
14 190
14 192
14 197
14 198
14 201
15 17
15 20
15 23
15 24
15 25
15 26
15 28
15 29
15 34
15 37
15 45
15 51
15 52
15 55
15 56
15 59
15 63
15 65
15 81
15 82
15 90
15 93
15 94
15 96
15 101
15 105
15 108
15 110
15 116
15 118
15 124
15 126
15 134
15 145
15 151
15 156
15 163
15 177
15 183
15 188
15 189
15 191
15 195
15 198
16 29
16 31
16 39
16 42
16 43
16 44
16 46
16 51
16 53
16 54
16 56
16 60
16 61
16 62
16 67
16 76
16 78
16 87
16 91
16 93
16 98
16 99
16 101
16 109
16 111
16 113
16 114
16 115
16 116
16 125
16 128
16 139
16 143
16 144
16 147
16 150
16 152
16 158
16 159
16 163
16 166
16 170
16 179
16 180
16 183
16 185
16 194
16 196
16 199
16 202
17 19
17 24
17 26
17 28
17 30
17 34
17 35
17 37
17 40
17 43
17 44
17 46
17 49
17 50
17 51
17 52
17 54
17 60
17 61
17 63
17 70
17 78
17 79
17 81
17 89
17 100
17 109
17 112
17 113
17 114
17 116
17 123
17 125
17 129
17 131
17 132
17 135
17 138
17 148
17 149
17 151
17 152
17 156
17 169
17 172
17 176
17 178
17 180
17 183
17 184
17 191
17 192
17 203
18 19
18 20
18 25
18 26
18 30
18 31
18 32
18 36
18 41
18 43
18 50
18 51
18 52
18 62
18 65
18 66
18 77
18 79
18 84
18 86
18 95
18 101
18 102
18 103
18 110
18 112
18 113
18 114
18 116
18 118
18 119
18 124
18 132
18 138
18 143
18 145
18 146
18 147
18 150
18 152
18 155
18 162
18 172
18 174
18 175
18 178
18 180
18 182
18 184
18 185
18 188
18 189
18 193
18 195
18 201
19 25
19 26
19 27
19 28
19 29
19 32
19 42
19 43
19 44
19 45
19 49
19 52
19 53
19 55
19 57
19 62
19 66
19 69
19 71
19 73
19 76
19 82
19 84
19 86
19 87
19 88
19 91
19 95
19 103
19 104
19 112
19 113
19 118
19 119
19 127
19 132
19 133
19 134
19 137
19 140
19 142
19 143
19 144
19 146
19 147
19 152
19 153
19 155
19 156
19 160
19 164
19 167
19 169
19 172
19 178
19 186
19 188
19 193
19 194
19 196
19 198
19 200
19 201
20 24
20 31
20 33
20 49
20 50
20 52
20 60
20 63
20 64
20 70
20 72
20 75
20 76
20 78
20 80
20 84
20 85
20 86
20 94
20 104
20 117
20 132
20 135
20 140
20 145
20 152
20 154
20 158
20 159
20 167
20 168
20 171
20 173
20 175
20 176
20 178
20 179
20 183
20 184
20 185
20 186
20 188
20 199
21 23
21 26
21 39
21 42
21 43
21 44
21 47
21 48
21 55
21 57
21 58
21 60
21 78
21 79
21 84
21 87
21 89
21 90
21 93
21 94
21 95
21 104
21 108
21 109
21 110
21 116
21 126
21 128
21 135
21 139
21 141
21 145
21 149
21 150
21 154
21 157
21 160
21 167
21 168
21 171
21 172
21 185
21 186
21 187
21 188
21 193
21 194
21 195
21 196
21 201
22 27
22 28
22 33
22 37
22 38
22 41
22 43
22 47
22 51
22 52
22 54
22 55
22 57
22 59
22 62
22 67
22 68
22 72
22 74
22 76
22 78
22 79
22 83
22 85
22 90
22 93
22 100
22 101
22 104
22 105
22 107
22 109
22 115
22 121
22 124
22 126
22 128
22 129
22 132
22 133
22 150
22 151
22 161
22 162
22 166
22 167
22 169
22 175
22 177
22 187
22 191
22 195
22 200
23 24
23 28
23 29
23 32
23 36
23 40
23 43
23 54
23 55
23 57
23 58
23 59
23 61
23 65
23 66
23 73
23 74
23 75
23 81
23 84
23 85
23 88
23 89
23 92
23 93
23 109
23 113
23 116
23 117
23 119
23 132
23 134
23 138
23 146
23 147
23 149
23 150
23 154
23 157
23 159
23 162
23 167
23 172
23 175
23 177
23 178
23 188
23 190
23 191
23 193
23 197
23 200
24 34
24 36
24 39
24 47
24 49
24 52
24 54
24 55
24 57
24 66
24 73
24 74
24 75
24 78
24 80
24 86
24 87
24 88
24 93
24 95
24 97
24 100
24 107
24 110
24 115
24 119
24 120
24 121
24 123
24 124
24 127
24 130
24 131
24 132
24 136
24 137
24 139
24 141
24 142
24 146
24 148
24 149
24 150
24 159
24 162
24 164
24 165
24 166
24 171
24 172
24 173
24 176
24 177
24 178
24 185
24 199
25 27
25 30
25 38
25 39
25 45
25 47
25 50
25 58
25 62
25 64
25 66
25 76
25 79
25 84
25 85
25 96
25 101
25 102
25 107
25 109
25 110
25 111
25 112
25 127
25 132
25 134
25 136
25 137
25 138
25 143
25 149
25 150
25 155
25 156
25 158
25 166
25 175
25 178
25 180
25 183
25 187
25 188
25 189
25 195
25 196
25 198
25 199
25 201
25 203
26 27
26 42
26 44
26 45
26 48
26 53
26 57
26 61
26 68
26 69
26 72
26 74
26 81
26 82
26 85
26 86
26 87
26 91
26 94
26 98
26 99
26 104
26 110
26 111
26 113
26 119
26 124
26 131
26 150
26 156
26 158
26 161
26 162
26 163
26 182
26 192
26 197
26 202
26 203
27 29
27 30
27 32
27 35
27 36
27 42
27 45
27 52
27 55
27 59
27 69
27 71
27 74
27 75
27 80
27 81
27 86
27 89
27 91
27 96
27 98
27 101
27 106
27 108
27 113
27 120
27 124
27 125
27 126
27 137
27 141
27 143
27 147
27 153
27 160
27 162
27 165
27 166
27 167
27 172
27 176
27 177
27 180
27 181
27 185
27 186
27 190
27 193
27 195
27 197
27 198
28 31
28 33
28 34
28 41
28 42
28 44
28 47
28 49
28 56
28 58
28 59
28 61
28 62
28 69
28 76
28 79
28 80
28 82
28 84
28 86
28 88
28 89
28 91
28 94
28 96
28 98
28 100
28 101
28 102
28 106
28 114
28 118
28 120
28 122
28 125
28 131
28 135
28 140
28 145
28 155
28 156
28 158
28 159
28 162
28 166
28 167
28 168
28 174
28 178
28 183
28 194
28 195
28 196
28 201
29 32
29 33
29 34
29 38
29 40
29 41
29 45
29 47
29 48
29 50
29 51
29 59
29 60
29 65
29 66
29 67
29 71
29 72
29 73
29 79
29 80
29 83
29 84
29 85
29 87
29 94
29 95
29 97
29 98
29 104
29 105
29 106
29 112
29 114
29 115
29 118
29 121
29 124
29 135
29 142
29 143
29 144
29 147
29 148
29 156
29 160
29 165
29 167
29 168
29 173
29 174
29 175
29 179
29 188
29 191
29 195
29 196
29 198
29 203
30 32
30 33
30 37
30 38
30 42
30 48
30 49
30 54
30 57
30 58
30 67
30 71
30 72
30 74
30 81
30 85
30 86
30 88
30 89
30 91
30 93
30 94
30 98
30 102
30 104
30 111
30 113
30 114
30 115
30 123
30 130
30 135
30 136
30 137
30 138
30 139
30 147
30 149
30 150
30 153
30 157
30 159
30 163
30 164
30 171
30 172
30 175
30 177
30 178
30 181
30 187
30 192
30 194
30 201
31 32
31 39
31 49
31 54
31 58
31 63
31 66
31 67
31 69
31 70
31 72
31 74
31 76
31 78
31 83
31 89
31 90
31 95
31 97
31 106
31 107
31 108
31 115
31 116
31 119
31 121
31 126
31 127
31 134
31 136
31 137
31 139
31 140
31 145
31 149
31 152
31 155
31 157
31 159
31 160
31 164
31 169
31 170
31 171
31 172
31 174
31 175
31 182
31 183
31 184
31 191
31 197
31 198
31 201
31 202
32 35
32 36
32 37
32 44
32 45
32 48
32 49
32 50
32 51
32 54
32 56
32 59
32 60
32 69
32 71
32 75
32 78
32 87
32 91
32 97
32 103
32 104
32 108
32 109
32 111
32 112
32 115
32 117
32 120
32 123
32 126
32 127
32 128
32 130
32 136
32 137
32 142
32 149
32 159
32 170
32 171
32 172
32 189
32 190
32 192
32 196
32 199
32 201
32 203
33 36
33 38
33 39
33 40
33 57
33 58
33 60
33 63
33 65
33 70
33 71
33 73
33 83
33 87
33 88
33 98
33 103
33 104
33 107
33 115
33 120
33 122
33 123
33 131
33 133
33 134
33 141
33 148
33 153
33 155
33 158
33 160
33 166
33 171
33 179
33 180
33 185
33 186
33 187
33 193
33 199
34 35
34 43
34 48
34 49
34 57
34 65
34 66
34 71
34 72
34 76
34 78
34 82
34 86
34 95
34 97
34 98
34 107
34 112
34 117
34 120
34 139
34 141
34 145
34 149
34 163
34 169
34 178
34 182
34 183
34 187
34 189
34 190
34 192
34 196
34 197
35 41
35 47
35 52
35 53
35 58
35 59
35 61
35 66
35 67
35 69
35 71
35 73
35 74
35 75
35 76
35 77
35 81
35 82
35 87
35 88
35 90
35 91
35 94
35 100
35 105
35 106
35 107
35 109
35 114
35 117
35 120
35 121
35 132
35 134
35 143
35 148
35 149
35 153
35 155
35 157
35 158
35 159
35 164
35 167
35 171
35 176
35 178
35 190
35 198
36 38
36 39
36 41
36 42
36 43
36 47
36 57
36 62
36 63
36 67
36 79
36 80
36 85
36 86
36 87
36 88
36 92
36 97
36 103
36 104
36 105
36 107
36 110
36 114
36 116
36 117
36 118
36 119
36 122
36 123
36 124
36 125
36 132
36 135
36 141
36 152
36 157
36 158
36 164
36 166
36 168
36 171
36 174
36 177
36 179
36 180
36 181
36 183
36 184
36 186
36 191
36 192
36 195
36 202
37 38
37 44
37 46
37 48
37 49
37 50
37 53
37 57
37 58
37 67
37 68
37 70
37 71
37 73
37 76
37 79
37 80
37 84
37 85
37 86
37 95
37 113
37 121
37 122
37 125
37 134
37 140
37 143
37 144
37 146
37 147
37 148
37 156
37 158
37 166
37 167
37 170
37 173
37 174
37 176
37 182
37 184
37 185
37 187
37 189
37 192
37 193
38 40
38 41
38 45
38 47
38 54
38 59
38 60
38 76
38 78
38 83
38 85
38 88
38 90
38 93
38 97
38 103
38 112
38 119
38 120
38 127
38 130
38 134
38 148
38 150
38 151
38 152
38 159
38 161
38 162
38 163
38 166
38 171
38 176
38 179
38 181
38 183
38 187
38 192
38 195
38 199
38 200
39 44
39 45
39 47
39 48
39 49
39 54
39 55
39 61
39 63
39 68
39 71
39 87
39 89
39 92
39 94
39 95
39 100
39 112
39 113
39 117
39 126
39 131
39 135
39 136
39 137
39 145
39 153
39 160
39 163
39 168
39 171
39 174
39 176
39 177
39 179
39 181
39 188
39 193
39 194
39 197
39 198
39 201
39 202
39 203
40 42
40 52
40 56
40 61
40 62
40 63
40 67
40 74
40 85
40 87
40 90
40 95
40 96
40 97
40 105
40 110
40 113
40 115
40 117
40 119
40 120
40 126
40 131
40 133
40 136
40 140
40 141
40 143
40 144
40 153
40 154
40 156
40 162
40 163
40 165
40 167
40 170
40 173
40 177
40 179
40 181
40 188
40 189
40 193
40 199
41 43
41 44
41 50
41 51
41 58
41 61
41 68
41 69
41 81
41 83
41 85
41 87
41 89
41 95
41 98
41 105
41 106
41 111
41 118
41 119
41 120
41 123
41 127
41 128
41 129
41 130
41 131
41 137
41 143
41 145
41 149
41 150
41 151
41 153
41 155
41 156
41 159
41 166
41 174
41 176
41 179
41 182
41 183
41 186
41 189
41 190
41 191
41 194
41 196
41 202
42 49
42 56
42 58
42 62
42 63
42 69
42 79
42 83
42 90
42 92
42 93
42 96
42 102
42 106
42 110
42 128
42 134
42 135
42 151
42 158
42 166
42 170
42 171
42 184
42 185
42 186
42 192
42 193
42 194
42 196
42 199
42 200
43 44
43 49
43 50
43 55
43 56
43 61
43 62
43 63
43 64
43 65
43 68
43 69
43 70
43 75
43 77
43 78
43 80
43 81
43 83
43 86
43 104
43 119
43 121
43 127
43 133
43 135
43 136
43 138
43 145
43 146
43 148
43 149
43 151
43 152
43 154
43 155
43 156
43 161
43 163
43 166
43 167
43 170
43 171
43 179
43 183
43 184
43 187
43 188
43 199
43 202
43 203
44 50
44 51
44 57
44 60
44 64
44 65
44 73
44 78
44 82
44 83
44 91
44 105
44 108
44 109
44 111
44 114
44 116
44 117
44 118
44 126
44 128
44 132
44 133
44 138
44 139
44 143
44 144
44 145
44 147
44 154
44 155
44 163
44 173
44 174
44 175
44 181
44 183
44 184
44 191
44 193
44 195
44 196
44 198
44 200
44 201
45 49
45 56
45 61
45 67
45 70
45 72
45 73
45 75
45 81
45 82
45 85
45 91
45 95
45 98
45 99
45 107
45 108
45 109
45 114
45 126
45 131
45 132
45 133
45 136
45 137
45 142
45 144
45 145
45 146
45 148
45 152
45 155
45 160
45 162
45 164
45 166
45 167
45 172
45 173
45 178
45 187
45 192
45 193
45 194
45 197
45 198
46 50
46 51
46 54
46 57
46 64
46 75
46 77
46 80
46 81
46 85
46 92
46 104
46 109
46 110
46 115
46 116
46 117
46 121
46 122
46 126
46 127
46 139
46 144
46 145
46 148
46 150
46 153
46 155
46 156
46 161
46 162
46 165
46 166
46 167
46 171
46 175
46 179
46 180
46 182
46 188
46 194
46 195
46 197
47 48
47 51
47 52
47 56
47 58
47 60
47 69
47 75
47 79
47 80
47 81
47 83
47 85
47 86
47 89
47 92
47 93
47 94
47 100
47 104
47 110
47 125
47 129
47 130
47 132
47 134
47 135
47 136
47 149
47 150
47 157
47 160
47 163
47 165
47 168
47 170
47 171
47 175
47 176
47 177
47 180
47 183
47 184
47 186
47 187
47 189
47 190
47 194
47 197
47 200
48 56
48 57
48 60
48 63
48 67
48 68
48 77
48 81
48 82
48 83
48 84
48 86
48 92
48 95
48 97
48 104
48 107
48 108
48 109
48 111
48 112
48 115
48 117
48 119
48 122
48 123
48 125
48 131
48 138
48 139
48 140
48 141
48 144
48 150
48 156
48 160
48 165
48 169
48 172
48 174
48 178
48 179
48 182
48 188
48 194
49 55
49 60
49 65
49 70
49 77
49 84
49 85
49 88
49 97
49 99
49 116
49 123
49 125
49 126
49 127
49 130
49 139
49 142
49 147
49 148
49 153
49 156
49 163
49 167
49 169
49 171
49 175
49 180
49 184
49 185
49 193
49 200
49 201
50 51
50 55
50 62
50 63
50 64
50 65
50 66
50 70
50 73
50 75
50 80
50 93
50 101
50 102
50 104
50 106
50 110
50 113
50 116
50 117
50 123
50 124
50 130
50 131
50 140
50 142
50 144
50 145
50 146
50 148
50 150
50 151
50 155
50 161
50 173
50 174
50 175
50 176
50 177
50 190
50 192
50 198
50 201
50 203
51 64
51 66
51 69
51 71
51 73
51 75
51 76
51 78
51 87
51 88
51 90
51 102
51 109
51 117
51 120
51 124
51 136
51 140
51 147
51 149
51 155
51 159
51 160
51 161
51 164
51 170
51 180
51 181
51 182
51 185
51 186
51 188
51 189
51 199
51 202
52 53
52 57
52 58
52 62
52 65
52 69
52 71
52 76
52 79
52 84
52 90
52 91
52 93
52 97
52 100
52 103
52 106
52 115
52 116
52 118
52 122
52 124
52 129
52 131
52 135
52 138
52 140
52 142
52 145
52 148
52 152
52 155
52 156
52 157
52 158
52 162
52 168
52 177
52 179
52 180
52 193
53 55
53 60
53 64
53 71
53 72
53 73
53 75
53 77
53 78
53 79
53 81
53 86
53 87
53 88
53 89
53 95
53 97
53 101
53 107
53 110
53 115
53 117
53 118
53 121
53 123
53 124
53 127
53 128
53 129
53 135
53 141
53 143
53 144
53 150
53 153
53 155
53 156
53 158
53 159
53 163
53 166
53 173
53 176
53 178
53 180
53 185
53 189
53 190
53 191
53 194
53 202
54 58
54 63
54 64
54 70
54 72
54 74
54 93
54 97
54 101
54 104
54 107
54 109
54 114
54 124
54 126
54 136
54 138
54 141
54 145
54 160
54 163
54 167
54 173
54 175
54 178
54 179
54 180
54 184
54 186
54 191
54 196
54 200
55 56
55 58
55 64
55 72
55 76
55 82
55 84
55 91
55 93
55 94
55 104
55 109
55 111
55 113
55 116
55 124
55 130
55 133
55 134
55 139
55 144
55 147
55 148
55 150
55 151
55 152
55 155
55 157
55 159
55 160
55 163
55 164
55 165
55 167
55 171
55 173
55 175
55 177
55 178
55 180
55 184
55 189
55 193
55 195
55 202
56 58
56 65
56 67
56 69
56 70
56 73
56 75
56 76
56 87
56 88
56 93
56 94
56 96
56 99
56 100
56 103
56 104
56 105
56 107
56 111
56 113
56 115
56 116
56 117
56 123
56 124
56 125
56 127
56 128
56 129
56 132
56 138
56 139
56 145
56 146
56 149
56 150
56 154
56 156
56 157
56 161
56 162
56 163
56 164
56 178
56 180
56 191
56 192
56 194
56 200
57 63
57 65
57 68
57 75
57 80
57 93
57 99
57 102
57 107
57 109
57 111
57 113
57 121
57 122
57 126
57 132
57 133
57 142
57 145
57 152
57 154
57 155
57 168
57 169
57 172
57 173
57 178
57 184
57 187
57 197
57 199
57 203
58 61
58 62
58 67
58 71
58 85
58 88
58 90
58 91
58 94
58 95
58 99
58 102
58 103
58 106
58 107
58 110
58 111
58 116
58 121
58 125
58 126
58 127
58 129
58 132
58 133
58 134
58 137
58 138
58 140
58 145
58 148
58 150
58 151
58 152
58 153
58 155
58 158
58 162
58 163
58 167
58 175
58 192
58 195
58 197
58 199
58 201
58 202
58 203
59 63
59 68
59 70
59 72
59 77
59 80
59 86
59 88
59 89
59 90
59 93
59 94
59 96
59 100
59 105
59 108
59 110
59 114
59 122
59 125
59 128
59 132
59 135
59 146
59 147
59 150
59 151
59 152
59 153
59 157
59 160
59 166
59 168
59 170
59 174
59 177
59 183
59 189
59 191
59 192
59 201
59 202
60 61
60 62
60 68
60 69
60 79
60 80
60 94
60 100
60 105
60 113
60 117
60 118
60 125
60 126
60 129
60 130
60 136
60 139
60 147
60 151
60 153
60 154
60 156
60 158
60 159
60 169
60 172
60 173
60 175
60 178
60 180
60 181
60 186
60 188
60 198
60 199
60 201
61 65
61 69
61 72
61 75
61 77
61 89
61 102
61 103
61 108
61 116
61 117
61 118
61 122
61 123
61 129
61 131
61 134
61 138
61 143
61 147
61 151
61 152
61 156
61 157
61 158
61 162
61 164
61 168
61 170
61 171
61 173
61 179
61 186
61 187
61 191
61 193
61 194
61 196
61 198
61 199
62 63
62 64
62 65
62 68
62 69
62 72
62 73
62 76
62 77
62 81
62 82
62 86
62 88
62 89
62 93
62 101
62 102
62 104
62 106
62 114
62 117
62 120
62 121
62 123
62 125
62 135
62 144
62 146
62 149
62 151
62 152
62 153
62 157
62 163
62 164
62 168
62 173
62 176
62 179
62 180
62 193
62 196
62 201
63 65
63 71
63 89
63 90
63 94
63 99
63 104
63 105
63 107
63 111
63 113
63 115
63 117
63 124
63 131
63 133
63 137
63 145
63 159
63 163
63 164
63 170
63 173
63 174
63 176
63 178
63 180
63 183
63 184
63 188
63 189
63 194
63 201
63 202
63 203
64 70
64 72
64 77
64 78
64 80
64 82
64 83
64 87
64 88
64 89
64 92
64 94
64 95
64 100
64 104
64 108
64 109
64 113
64 114
64 115
64 117
64 120
64 125
64 129
64 133
64 136
64 137
64 139
64 148
64 149
64 150
64 164
64 165
64 170
64 181
64 182
64 186
64 187
64 188
64 190
64 192
64 195
64 200
64 202
65 74
65 80
65 82
65 88
65 92
65 95
65 96
65 98
65 99
65 100
65 102
65 107
65 122
65 128
65 135
65 136
65 138
65 140
65 142
65 144
65 148
65 150
65 157
65 159
65 162
65 164
65 167
65 172
65 176
65 177
65 179
65 187
65 193
65 194
65 196
65 198
66 74
66 78
66 82
66 91
66 92
66 96
66 101
66 105
66 106
66 112
66 113
66 118
66 120
66 121
66 125
66 127
66 142
66 145
66 149
66 152
66 156
66 157
66 160
66 161
66 174
66 179
66 185
66 190
66 195
66 197
66 200
66 202
66 203
67 69
67 77
67 78
67 80
67 81
67 84
67 85
67 90
67 91
67 94
67 97
67 99
67 101
67 104
67 106
67 107
67 111
67 112
67 116
67 120
67 121
67 124
67 125
67 129
67 143
67 145
67 146
67 157
67 162
67 166
67 172
67 178
67 179
67 182
67 183
67 184
67 192
67 203
68 72
68 86
68 87
68 89
68 96
68 103
68 111
68 113
68 114
68 119
68 123
68 125
68 130
68 131
68 135
68 136
68 137
68 142
68 143
68 144
68 147
68 149
68 154
68 158
68 160
68 161
68 164
68 165
68 167
68 168
68 169
68 170
68 174
68 178
68 180
68 188
68 190
68 191
68 193
68 196
68 202
68 203
69 72
69 79
69 86
69 87
69 96
69 98
69 103
69 104
69 112
69 121
69 123
69 134
69 135
69 137
69 139
69 140
69 145
69 150
69 152
69 156
69 157
69 160
69 170
69 178
69 180
69 184
69 187
69 190
69 193
69 197
69 202
70 71
70 77
70 88
70 90
70 94
70 98
70 102
70 104
70 106
70 108
70 111
70 114
70 115
70 120
70 124
70 125
70 135
70 137
70 147
70 148
70 154
70 157
70 160
70 162
70 163
70 185
70 189
70 192
70 194
70 195
70 198
70 201
70 202
70 203
71 72
71 73
71 76
71 77
71 81
71 84
71 86
71 88
71 89
71 90
71 93
71 98
71 105
71 106
71 108
71 112
71 113
71 116
71 119
71 120
71 122
71 126
71 128
71 131
71 133
71 140
71 151
71 156
71 161
71 164
71 168
71 170
71 171
71 176
71 191
71 194
71 195
71 197
71 203
72 75
72 83
72 86
72 101
72 107
72 114
72 123
72 125
72 127
72 129
72 131
72 139
72 142
72 146
72 148
72 157
72 158
72 162
72 164
72 170
72 171
72 172
72 177
72 179
72 180
72 184
72 194
73 74
73 84
73 85
73 95
73 107
73 117
73 123
73 126
73 128
73 136
73 137
73 141
73 147
73 149
73 153
73 155
73 162
73 163
73 164
73 166
73 167
73 169
73 171
73 174
73 175
73 177
73 186
73 191
73 193
73 194
73 195
73 198
74 79
74 80
74 85
74 87
74 94
74 95
74 98
74 99
74 101
74 112
74 113
74 114
74 115
74 116
74 122
74 125
74 126
74 127
74 130
74 131
74 132
74 133
74 136
74 138
74 140
74 144
74 147
74 152
74 155
74 159
74 162
74 163
74 164
74 170
74 173
74 175
74 181
74 183
74 184
74 189
74 191
74 195
74 196
74 197
75 79
75 81
75 83
75 86
75 101
75 107
75 115
75 116
75 123
75 130
75 134
75 138
75 140
75 141
75 142
75 143
75 144
75 148
75 149
75 150
75 151
75 152
75 154
75 159
75 163
75 165
75 169
75 175
75 177
75 179
75 188
75 190
75 192
75 194
75 201
75 202
76 80
76 82
76 83
76 84
76 89
76 94
76 95
76 104
76 107
76 109
76 124
76 125
76 126
76 128
76 130
76 131
76 135
76 139
76 140
76 142
76 145
76 147
76 148
76 150
76 162
76 173
76 176
76 187
76 189
76 192
76 193
76 196
76 197
76 201
77 80
77 83
77 85
77 86
77 95
77 99
77 100
77 103
77 109
77 110
77 115
77 117
77 119
77 121
77 123
77 136
77 139
77 142
77 147
77 150
77 151
77 163
77 175
77 181
77 183
77 185
77 188
77 189
77 193
77 194
77 198
77 200
77 202
77 203
78 81
78 82
78 85
78 93
78 99
78 100
78 111
78 114
78 122
78 126
78 132
78 133
78 153
78 154
78 156
78 164
78 166
78 167
78 174
78 175
78 182
78 185
78 188
78 190
78 192
78 193
78 194
79 80
79 85
79 88
79 89
79 94
79 95
79 99
79 100
79 102
79 105
79 109
79 115
79 116
79 121
79 122
79 123
79 134
79 137
79 145
79 152
79 153
79 156
79 162
79 164
79 169
79 173
79 175
79 190
79 200
79 203
80 85
80 87
80 100
80 104
80 108
80 111
80 113
80 114
80 116
80 121
80 125
80 127
80 129
80 130
80 132
80 134
80 135
80 142
80 143
80 144
80 147
80 148
80 150
80 163
80 164
80 169
80 170
80 177
80 178
80 180
80 186
80 187
80 190
80 191
80 192
81 86
81 88
81 89
81 96
81 102
81 106
81 108
81 109
81 110
81 114
81 115
81 118
81 120
81 125
81 127
81 128
81 133
81 136
81 137
81 140
81 142
81 145
81 146
81 148
81 157
81 166
81 167
81 170
81 173
81 189
81 192
81 197
82 86
82 94
82 96
82 100
82 102
82 106
82 113
82 117
82 128
82 129
82 130
82 136
82 137
82 138
82 142
82 147
82 148
82 150
82 151
82 154
82 155
82 156
82 160
82 164
82 171
82 178
82 181
82 183
82 187
82 189
82 191
82 196
82 203
83 87
83 92
83 97
83 100
83 101
83 105
83 111
83 117
83 118
83 121
83 124
83 127
83 129
83 136
83 143
83 148
83 156
83 162
83 171
83 172
83 174
83 175
83 177
83 180
83 181
83 196
83 201
84 85
84 86
84 91
84 95
84 97
84 98
84 99
84 100
84 106
84 112
84 114
84 117
84 118
84 119
84 120
84 123
84 124
84 134
84 137
84 152
84 160
84 161
84 165
84 169
84 174
84 178
84 179
84 182
84 183
84 185
84 188
84 189
84 191
84 194
84 195
84 197
84 198
84 201
84 203
85 88
85 94
85 95
85 98
85 99
85 103
85 112
85 114
85 117
85 118
85 121
85 122
85 123
85 124
85 129
85 137
85 139
85 140
85 142
85 143
85 144
85 148
85 150
85 151
85 155
85 157
85 158
85 163
85 167
85 171
85 174
85 176
85 179
85 181
85 188
85 202
86 87
86 88
86 94
86 97
86 103
86 109
86 116
86 120
86 122
86 123
86 124
86 127
86 130
86 137
86 143
86 144
86 145
86 147
86 151
86 152
86 154
86 158
86 160
86 161
86 169
86 170
86 172
86 176
86 177
86 182
86 192
86 197
87 94
87 97
87 104
87 106
87 107
87 108
87 110
87 113
87 118
87 119
87 122
87 138
87 139
87 140
87 142
87 144
87 147
87 150
87 156
87 157
87 161
87 163
87 164
87 166
87 176
87 181
87 182
87 194
87 203
88 90
88 92
88 97
88 99
88 106
88 110
88 116
88 120
88 126
88 132
88 135
88 138
88 142
88 144
88 151
88 156
88 162
88 174
88 176
88 184
88 185
88 193
88 197
88 199
88 201
88 203
89 90
89 91
89 92
89 93
89 96
89 97
89 98
89 100
89 102
89 106
89 109
89 110
89 111
89 113
89 115
89 119
89 121
89 126
89 128
89 129
89 134
89 136
89 142
89 147
89 149
89 150
89 153
89 154
89 158
89 162
89 164
89 166
89 167
89 173
89 177
89 179
89 180
89 181
89 192
89 195
89 198
90 100
90 103
90 107
90 111
90 115
90 117
90 120
90 122
90 123
90 126
90 128
90 133
90 139
90 140
90 143
90 144
90 150
90 151
90 154
90 156
90 157
90 162
90 171
90 172
90 175
90 178
90 181
90 187
90 191
90 196
90 199
90 200
90 202
91 94
91 95
91 96
91 97
91 99
91 100
91 111
91 116
91 117
91 118
91 120
91 121
91 126
91 129
91 135
91 136
91 139
91 141
91 143
91 144
91 146
91 152
91 155
91 161
91 166
91 167
91 173
91 174
91 175
91 176
91 177
91 179
91 181
91 184
91 186
91 188
91 189
91 192
91 194
91 199
92 96
92 98
92 99
92 100
92 105
92 113
92 119
92 120
92 123
92 125
92 129
92 132
92 134
92 138
92 143
92 149
92 156
92 159
92 161
92 167
92 170
92 174
92 180
92 187
92 189
92 190
92 191
92 195
92 201
93 94
93 95
93 107
93 109
93 112
93 118
93 123
93 126
93 127
93 130
93 132
93 137
93 148
93 149
93 151
93 153
93 160
93 163
93 177
93 178
93 187
93 191
93 194
93 196
93 198
93 200
93 201
93 203
94 97
94 102
94 103
94 112
94 113
94 115
94 116
94 117
94 119
94 123
94 124
94 129
94 133
94 135
94 137
94 138
94 139
94 142
94 144
94 145
94 149
94 152
94 155
94 156
94 159
94 162
94 168
94 169
94 173
94 179
94 181
94 185
94 186
94 197
94 200
94 202
94 203
95 96
95 97
95 99
95 101
95 103
95 108
95 113
95 116
95 127
95 132
95 133
95 140
95 141
95 144
95 153
95 160
95 174
95 182
95 185
95 188
95 189
95 193
95 196
95 200
96 97
96 98
96 103
96 105
96 112
96 113
96 119
96 121
96 124
96 128
96 129
96 130
96 132
96 139
96 145
96 147
96 149
96 151
96 155
96 156
96 157
96 163
96 165
96 170
96 177
96 178
96 193
96 195
96 196
96 199
96 202
97 100
97 106
97 107
97 108
97 112
97 113
97 114
97 120
97 121
97 125
97 126
97 127
97 130
97 131
97 133
97 134
97 137
97 140
97 151
97 156
97 160
97 161
97 169
97 176
97 178
97 179
97 183
97 184
97 187
97 189
97 194
97 197
98 104
98 108
98 116
98 117
98 122
98 128
98 131
98 132
98 133
98 134
98 135
98 141
98 142
98 145
98 146
98 154
98 156
98 161
98 163
98 164
98 167
98 168
98 169
98 173
98 176
98 178
98 185
98 186
98 187
98 192
98 195
98 203
99 102
99 103
99 104
99 105
99 118
99 121
99 123
99 132
99 141
99 143
99 145
99 147
99 153
99 162
99 163
99 166
99 168
99 169
99 171
99 174
99 181
99 185
99 186
99 187
99 188
99 189
99 194
99 197
99 198
100 103
100 108
100 110
100 111
100 114
100 122
100 123
100 124
100 127
100 129
100 131
100 132
100 134
100 137
100 138
100 141
100 143
100 146
100 153
100 155
100 161
100 164
100 166
100 171
100 175
100 182
100 186
100 188
100 189
100 190
100 194
100 196
100 197
100 198
100 199
100 201
100 203
101 102
101 103
101 105
101 111
101 113
101 120
101 121
101 122
101 124
101 131
101 142
101 148
101 150
101 155
101 158
101 162
101 181
101 190
101 191
101 193
101 195
101 198
101 200
102 104
102 115
102 118
102 126
102 127
102 129
102 130
102 134
102 140
102 141
102 142
102 144
102 149
102 151
102 155
102 156
102 157
102 160
102 163
102 164
102 167
102 181
102 182
102 183
102 191
102 196
102 199
103 105
103 106
103 108
103 111
103 116
103 119
103 124
103 126
103 133
103 139
103 143
103 147
103 151
103 153
103 154
103 155
103 156
103 157
103 172
103 173
103 174
103 176
103 183
103 185
103 186
103 188
103 189
103 191
103 192
103 193
104 107
104 111
104 117
104 118
104 121
104 125
104 126
104 129
104 133
104 134
104 135
104 140
104 144
104 151
104 153
104 155
104 156
104 157
104 161
104 162
104 163
104 165
104 167
104 170
104 176
104 178
104 180
104 182
104 183
104 187
104 190
104 192
104 195
104 198
104 200
104 202
105 106
105 107
105 110
105 114
105 123
105 124
105 126
105 133
105 136
105 146
105 151
105 155
105 162
105 164
105 169
105 171
105 182
105 191
105 199
105 203
106 107
106 109
106 112
106 114
106 117
106 124
106 125
106 130
106 132
106 133
106 135
106 136
106 142
106 143
106 145
106 158
106 169
106 172
106 173
106 178
106 185
106 186
106 189
106 190
106 194
106 195
106 197
106 199
106 200
106 201
106 203
107 112
107 115
107 116
107 118
107 121
107 125
107 126
107 128
107 135
107 137
107 144
107 146
107 154
107 155
107 156
107 160
107 161
107 162
107 164
107 165
107 167
107 172
107 179
107 180
107 184
107 187
107 189
107 193
107 195
107 198
107 201
107 203
108 113
108 115
108 122
108 125
108 127
108 129
108 134
108 138
108 145
108 146
108 148
108 149
108 151
108 152
108 153
108 154
108 155
108 156
108 157
108 159
108 184
108 190
108 196
108 197
108 198
108 199
108 202
109 121
109 123
109 129
109 130
109 133
109 135
109 138
109 139
109 153
109 155
109 158
109 161
109 162
109 165
109 171
109 176
109 177
109 178
109 179
109 185
109 187
109 193
109 200
110 118
110 119
110 123
110 125
110 128
110 134
110 135
110 142
110 145
110 160
110 161
110 162
110 163
110 166
110 175
110 178
110 189
110 198
110 201
111 113
111 114
111 115
111 121
111 124
111 129
111 137
111 138
111 146
111 149
111 151
111 155
111 160
111 163
111 167
111 170
111 173
111 176
111 178
111 187
111 198
111 201
111 203
112 114
112 115
112 116
112 117
112 124
112 125
112 126
112 127
112 128
112 131
112 132
112 133
112 134
112 136
112 141
112 148
112 150
112 151
112 153
112 155
112 157
112 165
112 168
112 174
112 176
112 184
112 185
112 193
112 194
113 115
113 122
113 123
113 132
113 133
113 136
113 140
113 142
113 143
113 145
113 147
113 153
113 160
113 161
113 162
113 165
113 170
113 184
113 185
113 186
113 188
113 197
113 200
114 118
114 120
114 121
114 122
114 123
114 125
114 126
114 127
114 138
114 140
114 142
114 143
114 166
114 167
114 177
114 180
114 182
114 184
114 186
114 192
114 196
114 199
114 200
114 201
114 202
115 122
115 123
115 125
115 131
115 135
115 138
115 140
115 147
115 148
115 149
115 151
115 152
115 154
115 162
115 164
115 167
115 170
115 171
115 178
115 179
115 181
115 186
115 190
115 193
115 198
115 200
115 201
115 203
116 117
116 118
116 120
116 124
116 125
116 126
116 131
116 134
116 138
116 139
116 144
116 148
116 149
116 152
116 155
116 157
116 162
116 164
116 167
116 169
116 171
116 172
116 176
116 179
116 182
116 183
116 191
116 193
116 199
116 200
117 123
117 125
117 127
117 130
117 131
117 132
117 142
117 145
117 147
117 149
117 153
117 155
117 161
117 165
117 166
117 170
117 172
117 175
117 177
117 179
117 184
117 192
117 194
117 195
117 197
117 200
118 121
118 123
118 124
118 135
118 137
118 140
118 143
118 147
118 151
118 152
118 156
118 160
118 164
118 166
118 168
118 170
118 177
118 181
118 183
118 184
118 187
118 190
118 199
119 120
119 123
119 124
119 131
119 133
119 134
119 135
119 138
119 143
119 145
119 147
119 150
119 156
119 159
119 163
119 164
119 168
119 175
119 179
119 182
119 184
119 188
119 190
119 200
119 203
120 121
120 127
120 129
120 142
120 143
120 145
120 146
120 153
120 156
120 158
120 162
120 165
120 171
120 180
120 184
120 185
120 187
120 188
120 191
120 192
120 194
120 195
120 198
120 201
121 123
121 124
121 125
121 126
121 132
121 135
121 143
121 146
121 151
121 152
121 153
121 160
121 163
121 180
121 181
121 186
121 196
121 200
121 201
122 124
122 128
122 129
122 133
122 141
122 143
122 144
122 147
122 148
122 159
122 165
122 167
122 170
122 175
122 178
122 179
122 185
122 197
123 125
123 126
123 128
123 129
123 132
123 134
123 136
123 142
123 154
123 161
123 163
123 164
123 167
123 168
123 169
123 171
123 172
123 175
123 177
123 179
123 180
123 181
123 184
123 186
123 187
123 188
123 189
123 190
123 194
124 133
124 134
124 138
124 143
124 147
124 149
124 154
124 156
124 158
124 162
124 168
124 169
124 174
124 175
124 176
124 178
124 182
124 189
124 190
124 191
125 130
125 133
125 140
125 143
125 144
125 148
125 154
125 155
125 157
125 161
125 163
125 168
125 170
125 171
125 176
125 183
125 187
125 189
125 196
125 197
125 200
126 128
126 132
126 137
126 145
126 146
126 157
126 159
126 161
126 165
126 173
126 175
126 180
126 186
126 188
126 189
126 193
126 197
127 129
127 130
127 137
127 140
127 142
127 149
127 154
127 155
127 162
127 164
127 173
127 179
127 181
127 183
127 184
127 186
127 191
127 194
127 201
128 129
128 132
128 137
128 138
128 146
128 147
128 153
128 155
128 158
128 160
128 161
128 163
128 164
128 169
128 177
128 183
128 186
128 189
129 130
129 134
129 137
129 140
129 147
129 151
129 158
129 159
129 162
129 164
129 168
129 170
129 176
129 179
129 183
129 186
129 187
129 193
129 201
130 136
130 147
130 148
130 158
130 160
130 161
130 163
130 167
130 171
130 172
130 175
130 183
130 186
130 191
130 192
130 193
130 194
130 195
130 196
130 200
130 201
130 203
131 137
131 141
131 145
131 147
131 155
131 159
131 161
131 163
131 168
131 169
131 170
131 175
131 176
131 178
131 183
131 191
131 193
131 197
132 135
132 136
132 137
132 147
132 152
132 154
132 162
132 163
132 166
132 170
132 171
132 173
132 174
132 175
132 176
132 178
132 180
132 189
132 191
132 193
132 196
133 135
133 137
133 139
133 141
133 143
133 145
133 146
133 148
133 155
133 158
133 160
133 164
133 165
133 170
133 178
133 179
133 183
133 186
133 188
133 191
133 194
133 198
133 201
134 147
134 148
134 150
134 153
134 158
134 162
134 163
134 165
134 168
134 171
134 174
134 175
134 176
134 177
134 179
134 181
134 186
134 187
134 191
135 141
135 142
135 143
135 153
135 154
135 159
135 160
135 165
135 172
135 178
135 180
135 183
135 187
135 195
135 197
135 198
136 141
136 146
136 148
136 150
136 151
136 153
136 158
136 161
136 163
136 166
136 167
136 169
136 173
136 175
136 176
136 181
136 182
136 183
136 190
136 200
137 138
137 139
137 141
137 145
137 147
137 149
137 151
137 155
137 158
137 159
137 161
137 171
137 173
137 178
137 181
137 182
137 186
137 187
137 191
137 195
137 196
137 200
137 202
138 142
138 156
138 168
138 169
138 172
138 174
138 175
138 179
138 184
138 188
138 194
138 197
138 200
139 145
139 147
139 163
139 165
139 171
139 173
139 177
139 180
139 183
139 186
139 187
139 190
139 197
139 200
140 142
140 146
140 153
140 159
140 172
140 177
140 185
140 192
140 194
140 199
140 203
141 146
141 152
141 166
141 167
141 171
141 178
141 179
141 180
141 182
141 183
141 200
141 201
142 148
142 149
142 150
142 153
142 154
142 155
142 165
142 167
142 171
142 174
142 178
142 184
142 187
142 191
142 194
142 197
142 198
142 200
143 150
143 153
143 154
143 155
143 156
143 157
143 158
143 159
143 160
143 163
143 165
143 172
143 173
143 174
143 175
143 178
143 182
143 184
143 185
143 189
143 202
144 145
144 147
144 148
144 149
144 153
144 154
144 156
144 158
144 165
144 172
144 177
144 185
144 186
144 189
144 199
144 202
145 149
145 154
145 158
145 160
145 165
145 167
145 168
145 169
145 170
145 174
145 175
145 176
145 181
145 185
145 190
145 194
145 201
145 202
145 203
146 147
146 150
146 151
146 157
146 160
146 161
146 162
146 165
146 167
146 170
146 173
146 176
146 180
146 182
146 185
146 189
146 193
146 194
146 196
146 197
146 200
146 201
146 203
147 149
147 164
147 166
147 173
147 180
147 186
147 194
147 197
147 201
148 151
148 156
148 161
148 162
148 163
148 165
148 168
148 176
148 177
148 179
148 186
148 188
148 190
148 194
148 195
148 198
148 199
148 202
149 156
149 157
149 159
149 165
149 169
149 171
149 179
149 181
149 183
149 184
149 186
149 187
149 189
149 200
149 203
150 153
150 172
150 173
150 174
150 175
150 178
150 179
150 182
150 184
150 193
150 201
150 203
151 153
151 157
151 158
151 159
151 163
151 164
151 165
151 167
151 169
151 173
151 178
151 181
151 189
151 195
151 198
151 201
152 153
152 162
152 167
152 168
152 171
152 174
152 176
152 180
152 188
152 190
152 192
152 197
152 198
152 201
152 202
153 154
153 158
153 164
153 168
153 173
153 178
153 181
153 183
153 186
153 192
153 200
153 202
154 156
154 159
154 162
154 178
154 180
154 189
154 190
154 192
154 200
155 158
155 159
155 161
155 166
155 168
155 171
155 179
155 184
155 187
155 188
155 193
155 197
155 198
155 202
155 203
156 161
156 164
156 171
156 172
156 182
156 183
156 185
156 186
156 189
156 194
156 198
156 202
157 159
157 160
157 171
157 172
157 174
157 178
157 186
157 188
157 189
157 192
157 202
158 161
158 162
158 165
158 168
158 169
158 172
158 175
158 178
158 181
158 182
158 187
158 193
158 201
159 162
159 163
159 165
159 167
159 168
159 171
159 172
159 180
159 183
159 192
159 193
159 195
159 199
160 162
160 164
160 175
160 176
160 182
160 192
160 195
160 197
160 198
160 201
160 202
161 177
161 184
161 189
161 191
161 195
161 199
162 165
162 166
162 167
162 174
162 175
162 178
162 184
162 191
162 192
162 193
162 195
162 198
162 202
163 166
163 170
163 173
163 176
163 177
163 180
163 182
163 185
163 186
163 187
163 188
163 189
163 193
163 202
164 172
164 175
164 176
164 182
164 184
164 189
164 193
164 196
164 197
164 202
165 166
165 167
165 168
165 170
165 174
165 178
165 182
165 186
165 191
165 196
165 197
165 203
166 170
166 173
166 175
166 176
166 180
166 181
166 182
166 187
166 189
166 190
166 191
166 194
166 195
166 196
166 199
167 171
167 172
167 173
167 180
167 187
167 188
167 189
167 192
167 195
167 196
167 198
167 199
167 200
168 176
168 177
168 180
168 182
168 188
168 189
168 199
168 203
169 171
169 176
169 181
169 186
169 188
169 189
169 190
169 194
169 199
170 175
170 177
170 179
170 180
170 185
170 187
170 188
170 189
170 196
170 197
170 201
171 174
171 178
171 181
171 186
171 187
171 196
172 173
172 178
172 179
172 181
172 184
172 186
172 187
172 193
172 198
172 200
172 202
172 203
173 177
173 178
173 180
173 181
173 188
173 201
174 179
174 182
174 190
174 194
174 196
174 199
174 201
175 178
175 180
175 185
175 186
175 188
175 193
175 200
175 202
175 203
176 177
176 183
176 185
176 190
176 198
176 200
177 179
177 181
177 187
177 191
177 196
177 201
178 179
178 185
178 190
178 191
178 192
178 195
178 200
178 201
179 181
179 183
179 185
179 193
179 194
180 183
180 184
180 187
180 189
180 201
181 186
181 189
181 193
181 196
181 197
181 199
181 200
182 187
182 189
182 190
182 197
182 199
182 200
183 184
183 185
183 188
183 191
183 195
184 185
184 187
184 188
184 191
184 192
184 195
184 200
184 201
185 189
185 199
185 200
186 193
186 200
186 202
187 193
187 194
187 196
187 198
187 199
187 203
188 189
188 191
188 194
188 197
189 195
189 196
189 198
189 202
190 191
190 193
190 194
190 195
191 194
191 195
191 196
191 200
192 196
192 199
192 200
192 202
193 196
194 196
194 199
194 202
195 199
195 202
196 197
196 203
197 200
197 201
198 201
198 202
199 201
199 202
199 203
200 201
200 202
202 203
